Organisation Chain,Tender Reference Number,Tender ID,Withdrawal Allowed,Tender Type,Form of contract,Tender Category,No. of Covers,General Technical Evaluation Allowed,ItemWise Technical Evaluation Allowed,Payment Mode,Is Multi Currency Allowed For BOQ,Is Multi Currency Allowed For Fee,Allow Two Stage Bidding,Cover No,Cover,Document Type,Description,Publish Date,Bid Opening Date,Document Download / Sale Start Date,Document Download / Sale End Date,Clarification Start Date,Clarification End Date,Bid Submission Start Date,Bid Submission End Date,EMD Amount in ₹,EMD Exemption Allowed,EMD Fee Type,EMD Percentage,EMD Payable To,EMD Payable At,S.No,Corrigendum Title,Corrigendum Type,View,Tender Fee in ₹,Fee Payable To,Fee Payable At,Tender Fee Exemption Allowed,Name,Address,Title,Work Description,Pre Qualification Details,Independent External Monitor/Remarks,Tender Value in ₹,Product Category,Sub category,Contract Type,Bid Validity(Days),Period Of Work(Days),Location,Pincode,Pre Bid Meeting Place,Pre Bid Meeting Address,Pre Bid Meeting Date,Bid Opening Place,Should Allow NDA Tender,Allow Preferential Bidder,Organisation Chain,Tender Reference Number,Tender ID,Withdrawal Allowed,Tender Type,Form of contract,Tender Category,No. of Covers,General Technical Evaluation Allowed,ItemWise Technical Evaluation Allowed,Payment Mode,Is Multi Currency Allowed For BOQ,Is Multi Currency Allowed For Fee,Allow Two Stage Bidding,Cover No,Cover,Document Type,Description,Publish Date,Bid Opening Date,Document Download / Sale Start Date,Document Download / Sale End Date,Clarification Start Date,Clarification End Date,Bid Submission Start Date,Bid Submission End Date,EMD Amount in ₹,EMD Exemption Allowed,EMD Fee Type,EMD Percentage,EMD Payable To,EMD Payable At,S.No,Corrigendum Title,Corrigendum Type,View,Tender Fee in ₹,Fee Payable To,Fee Payable At,Tender Fee Exemption Allowed,Name,Address,Title,Work Description,Pre Qualification Details,Independent External Monitor/Remarks,Tender Value in ₹,Product Category,Sub category,Contract Type,Bid Validity(Days),Period Of Work(Days),Location,Pincode,Pre Bid Meeting Place,Pre Bid Meeting Address,Pre Bid Meeting Date,Bid Opening Place,Should Allow NDA Tender,Allow Preferential Bidder,Contract Date :,Contract Value :,Work Completion Period in days :,Updated By :,Updated on :,AOC document :,S.No.1,Bid Number,Bidder Name,Awarded Currency,Awarded Value,S.No.2,Bid Number.1,Bidder Name.1,Submitted Date,Status,Remarks,Status Updated On,Type :,Summary :,Updated By :.1,Updated On :,Document :,BOQ Comparative Chart :,Committee Chairperson/Co-ordinator Name :,Committee Chairperson/Co-ordinator Type :,Committee Members :,Updated By :.2,Updated on :.1,Document :.1,S.No.3,Bid Number.2,Bidder Name.2,Value,Rank,Committee Chairperson/Co-ordinator Name :.1,Committee Chairperson/Co-ordinator Type :.1,Committee Members :.1,Updated By :.3,Updated On :.1,Document :.2,Tender ID :,Tender Ref No :,Tender Title :
Public Health Engineering Department||Chief Engineer PHE(P)-Assam-PHED||Lower Assam Zone-Guwahati-PHED||Guwahati Circle-Guwahati-PHED,PHE_24_JJM_PB_23_24_T_13165_71,2023_PHED_32115_1,Yes,Open Tender,Works,Works,1.0,No,No,Not Applicable,No,No,No,1.0,Fee/PreQual/Technical/Finance,.xls,BOQ,18-Aug-2023 10:00 AM,16-Sep-2023 03:00 PM,18-Aug-2023 10:00 AM,15-Sep-2023 04:00 PM,NA ,NA ,18-Aug-2023 11:00 AM,15-Sep-2023 04:00 PM,0.0,No,fixed,,Nil,Nil,1.0,Date Corrigendum_01,Date,,0.0,Nil,Nil,No,CHIEF ENGINEER (PHE) WATER ASSAM,"HENGRABARI, GUWAHATI-36",PKG 01 FIXATION OF RATES FOR ADDITIONAL ITEM FHTC WITH WATER STORAGE TANK MEANT FOR NEW PWSS UNDER REMOTE AREAS UNDER JJM ASSAM,PKG 01 FIXATION OF RATES FOR THE ADDITIONAL ITEM FUNCTIONAL HOUSEHOLD TAP CONNECTION WITH WATER STORAGE TANK MEANT TO BE PROVIDED TO NEW PIPED WATER SUPPLY SCHEMES UNDER REMOTE AREAS UNDER JAL JEEVAN MISSION ASSAM,Please refer Tender documents. ,NA ,0.0,Civil Works - Water Works,NA ,Tender,180.0,365.0,DHEMAJI,787057.0,NA ,NA ,NA ,O O THE CHIEF ENGINEER (PHE) WATER ASSAM,No ,No,Public Health Engineering Department||Chief Engineer PHE(P)-Assam-PHED||Lower Assam Zone-Guwahati-PHED||Guwahati Circle-Guwahati-PHED,PHE_24_JJM_PB_23_24_T_13165_71,2023_PHED_32115_1,Yes,Open Tender,Works,Works,1.0,No,No,Not Applicable,No,No,No,1.0,Fee/PreQual/Technical/Finance,.xls,BOQ,18-Aug-2023 10:00 AM,16-Sep-2023 03:00 PM,18-Aug-2023 10:00 AM,15-Sep-2023 04:00 PM,NA ,NA ,18-Aug-2023 11:00 AM,15-Sep-2023 04:00 PM,0.0,No,fixed,,Nil,Nil,1.0,Date Corrigendum_01,Date,,0.0,Nil,Nil,No,CHIEF ENGINEER (PHE) WATER ASSAM,"HENGRABARI, GUWAHATI-36",PKG 01 FIXATION OF RATES FOR ADDITIONAL ITEM FHTC WITH WATER STORAGE TANK MEANT FOR NEW PWSS UNDER REMOTE AREAS UNDER JJM ASSAM,PKG 01 FIXATION OF RATES FOR THE ADDITIONAL ITEM FUNCTIONAL HOUSEHOLD TAP CONNECTION WITH WATER STORAGE TANK MEANT TO BE PROVIDED TO NEW PIPED WATER SUPPLY SCHEMES UNDER REMOTE AREAS UNDER JAL JEEVAN MISSION ASSAM,Please refer Tender documents. ,NA ,0.0,Civil Works - Water Works,NA ,Tender,180.0,365.0,DHEMAJI,787057.0,NA ,NA ,NA ,O O THE CHIEF ENGINEER (PHE) WATER ASSAM,No ,No,23-Jul-2024,INR 1,365.0,Milan Kalita,23-Jul-2024 12:14 PM,RFP_28_RemoteArea.pdf (878.00 KB),1.0,196259.0,BIMAL KUMAR GOGOI,INR,1.0,1.0,199484.0,Abanindra Doley,07-Sep-2023 02:21 PM,Accepted-AOC,Awarded,23-Jul-2024 12:15 PM,Finance,Bid has been opened,Milan Kalita,19-Jul-2024 03:34 PM,None,BOQ Comparative Chart,Chief Engineer,Internal,,Milan Kalita,19-Jul-2024 04:58 PM,finsummary_51551.pdf (795.38 KB),1.0,196259.0,BIMAL KUMAR GOGOI,1.0,L1,Chief Engineer,Internal,,Milan Kalita,19-Jul-2024 03:54 PM,techsummary_51551.pdf (795.38 KB),,,
,,,,,,,,,,,,,,,,,,,,,,,,,,,,,,,,,,,,,,,,,,,,,,,,,,,,,,,,,,,,,,,,,,,,,,,,,,,,,,,,,,,,,,,,,,,,,,,,,,,,,,,,,,,,,,,,,,,,,,,,,,,,,,2.0,196270.0,PRAFULLA DOLEY,INR,1.0,2.0,197542.0,ABIN SWARGIARY,31-Aug-2023 02:54 PM,Accepted-AOC,Awarded,23-Jul-2024 12:15 PM,,,,,,,,,,,,,2.0,196270.0,PRAFULLA DOLEY,1.0,L1,,,,,,,,,
,,,,,,,,,,,,,,,,,,,,,,,,,,,,,,,,,,,,,,,,,,,,,,,,,,,,,,,,,,,,,,,,,,,,,,,,,,,,,,,,,,,,,,,,,,,,,,,,,,,,,,,,,,,,,,,,,,,,,,,,,,,,,,3.0,196280.0,SURJIT CHANGMAI,INR,1.0,3.0,197141.0,AJIT DAHAL,28-Aug-2023 05:41 PM,Accepted-AOC,Awarded,23-Jul-2024 12:15 PM,,,,,,,,,,,,,3.0,196280.0,SURJIT CHANGMAI,1.0,L1,,,,,,,,,
,,,,,,,,,,,,,,,,,,,,,,,,,,,,,,,,,,,,,,,,,,,,,,,,,,,,,,,,,,,,,,,,,,,,,,,,,,,,,,,,,,,,,,,,,,,,,,,,,,,,,,,,,,,,,,,,,,,,,,,,,,,,,,4.0,196283.0,CHIRAN KUMAR GOGOI,INR,1.0,4.0,198412.0,ALEXENDER PEGU,06-Sep-2023 11:52 AM,Accepted-AOC,Awarded,23-Jul-2024 12:15 PM,,,,,,,,,,,,,4.0,196283.0,CHIRAN KUMAR GOGOI,1.0,L1,,,,,,,,,
,,,,,,,,,,,,,,,,,,,,,,,,,,,,,,,,,,,,,,,,,,,,,,,,,,,,,,,,,,,,,,,,,,,,,,,,,,,,,,,,,,,,,,,,,,,,,,,,,,,,,,,,,,,,,,,,,,,,,,,,,,,,,,5.0,196286.0,MRIDUL DUTTA,INR,1.0,5.0,201582.0,ALOK KUMAR SINGH,15-Sep-2023 01:35 PM,Accepted-AOC,Awarded,23-Jul-2024 12:15 PM,,,,,,,,,,,,,5.0,196286.0,MRIDUL DUTTA,1.0,L1,,,,,,,,,
,,,,,,,,,,,,,,,,,,,,,,,,,,,,,,,,,,,,,,,,,,,,,,,,,,,,,,,,,,,,,,,,,,,,,,,,,,,,,,,,,,,,,,,,,,,,,,,,,,,,,,,,,,,,,,,,,,,,,,,,,,,,,,6.0,196289.0,PRIYA GOHAIN,INR,1.0,6.0,198705.0,ANANTA GOGOI,06-Sep-2023 05:17 PM,Accepted-AOC,Awarded,23-Jul-2024 12:15 PM,,,,,,,,,,,,,6.0,196289.0,PRIYA GOHAIN,1.0,L1,,,,,,,,,
,,,,,,,,,,,,,,,,,,,,,,,,,,,,,,,,,,,,,,,,,,,,,,,,,,,,,,,,,,,,,,,,,,,,,,,,,,,,,,,,,,,,,,,,,,,,,,,,,,,,,,,,,,,,,,,,,,,,,,,,,,,,,,7.0,196296.0,RINTU DIHINGIA,INR,1.0,7.0,196562.0,ANITA DAS,24-Aug-2023 12:19 PM,Accepted-AOC,Awarded,23-Jul-2024 12:15 PM,,,,,,,,,,,,,7.0,196296.0,RINTU DIHINGIA,1.0,L1,,,,,,,,,
,,,,,,,,,,,,,,,,,,,,,,,,,,,,,,,,,,,,,,,,,,,,,,,,,,,,,,,,,,,,,,,,,,,,,,,,,,,,,,,,,,,,,,,,,,,,,,,,,,,,,,,,,,,,,,,,,,,,,,,,,,,,,,8.0,196341.0,PRADIP NARAH,INR,1.0,8.0,198075.0,Anuj Kumar Medok,05-Sep-2023 01:29 PM,Accepted-AOC,Awarded,23-Jul-2024 12:15 PM,,,,,,,,,,,,,8.0,196341.0,PRADIP NARAH,1.0,L1,,,,,,,,,
,,,,,,,,,,,,,,,,,,,,,,,,,,,,,,,,,,,,,,,,,,,,,,,,,,,,,,,,,,,,,,,,,,,,,,,,,,,,,,,,,,,,,,,,,,,,,,,,,,,,,,,,,,,,,,,,,,,,,,,,,,,,,,9.0,196343.0,PABITRA PEGU,INR,1.0,9.0,199130.0,ANUP CHUTIA,07-Sep-2023 10:49 AM,Accepted-AOC,Awarded,23-Jul-2024 12:15 PM,,,,,,,,,,,,,9.0,196343.0,PABITRA PEGU,1.0,L1,,,,,,,,,
,,,,,,,,,,,,,,,,,,,,,,,,,,,,,,,,,,,,,,,,,,,,,,,,,,,,,,,,,,,,,,,,,,,,,,,,,,,,,,,,,,,,,,,,,,,,,,,,,,,,,,,,,,,,,,,,,,,,,,,,,,,,,,10.0,196347.0,SIBIRAM TAW,INR,1.0,10.0,197101.0,Apaw Patir,28-Aug-2023 02:49 PM,Accepted-AOC,Awarded,23-Jul-2024 12:15 PM,,,,,,,,,,,,,10.0,196347.0,SIBIRAM TAW,1.0,L1,,,,,,,,,
,,,,,,,,,,,,,,,,,,,,,,,,,,,,,,,,,,,,,,,,,,,,,,,,,,,,,,,,,,,,,,,,,,,,,,,,,,,,,,,,,,,,,,,,,,,,,,,,,,,,,,,,,,,,,,,,,,,,,,,,,,,,,,11.0,196353.0,KOKO KULI,INR,1.0,11.0,200965.0,ARIF MD IFTIKAR HUSSAIN,14-Sep-2023 02:48 PM,Accepted-AOC,Awarded,23-Jul-2024 12:15 PM,,,,,,,,,,,,,11.0,196353.0,KOKO KULI,1.0,L1,,,,,,,,,
,,,,,,,,,,,,,,,,,,,,,,,,,,,,,,,,,,,,,,,,,,,,,,,,,,,,,,,,,,,,,,,,,,,,,,,,,,,,,,,,,,,,,,,,,,,,,,,,,,,,,,,,,,,,,,,,,,,,,,,,,,,,,,12.0,196363.0,TITUL MEDOK,INR,1.0,12.0,198523.0,Arunmoni Phukan,06-Sep-2023 01:37 PM,Accepted-AOC,Awarded,23-Jul-2024 12:15 PM,,,,,,,,,,,,,12.0,196363.0,TITUL MEDOK,1.0,L1,,,,,,,,,
,,,,,,,,,,,,,,,,,,,,,,,,,,,,,,,,,,,,,,,,,,,,,,,,,,,,,,,,,,,,,,,,,,,,,,,,,,,,,,,,,,,,,,,,,,,,,,,,,,,,,,,,,,,,,,,,,,,,,,,,,,,,,,13.0,196367.0,MAHESH ROY,INR,1.0,13.0,197504.0,ARUPJYOTI MAHANTA,31-Aug-2023 11:53 AM,Accepted-AOC,Awarded,23-Jul-2024 12:15 PM,,,,,,,,,,,,,13.0,196367.0,MAHESH ROY,1.0,L1,,,,,,,,,
,,,,,,,,,,,,,,,,,,,,,,,,,,,,,,,,,,,,,,,,,,,,,,,,,,,,,,,,,,,,,,,,,,,,,,,,,,,,,,,,,,,,,,,,,,,,,,,,,,,,,,,,,,,,,,,,,,,,,,,,,,,,,,14.0,196374.0,AUSHI NANDI,INR,1.0,14.0,196374.0,AUSHI NANDI,22-Aug-2023 02:47 PM,Accepted-AOC,Awarded,23-Jul-2024 12:15 PM,,,,,,,,,,,,,14.0,196374.0,AUSHI NANDI,1.0,L1,,,,,,,,,
,,,,,,,,,,,,,,,,,,,,,,,,,,,,,,,,,,,,,,,,,,,,,,,,,,,,,,,,,,,,,,,,,,,,,,,,,,,,,,,,,,,,,,,,,,,,,,,,,,,,,,,,,,,,,,,,,,,,,,,,,,,,,,15.0,196375.0,BIDYUT CHUTIA,INR,1.0,15.0,196603.0,BABU DCHAMUAH,24-Aug-2023 03:19 PM,Accepted-AOC,Awarded,23-Jul-2024 12:15 PM,,,,,,,,,,,,,15.0,196375.0,BIDYUT CHUTIA,1.0,L1,,,,,,,,,
,,,,,,,,,,,,,,,,,,,,,,,,,,,,,,,,,,,,,,,,,,,,,,,,,,,,,,,,,,,,,,,,,,,,,,,,,,,,,,,,,,,,,,,,,,,,,,,,,,,,,,,,,,,,,,,,,,,,,,,,,,,,,,16.0,196376.0,MANAKH PRATIM CHUTIA,INR,1.0,16.0,199544.0,BABUL BURAGOHAIN,07-Sep-2023 03:09 PM,Accepted-AOC,Awarded,23-Jul-2024 12:15 PM,,,,,,,,,,,,,16.0,196376.0,MANAKH PRATIM CHUTIA,1.0,L1,,,,,,,,,
,,,,,,,,,,,,,,,,,,,,,,,,,,,,,,,,,,,,,,,,,,,,,,,,,,,,,,,,,,,,,,,,,,,,,,,,,,,,,,,,,,,,,,,,,,,,,,,,,,,,,,,,,,,,,,,,,,,,,,,,,,,,,,17.0,196379.0,Dibya Jyoti Hazarika,INR,1.0,17.0,198234.0,BARSHA GOGOI,05-Sep-2023 07:10 PM,Accepted-AOC,Awarded,23-Jul-2024 12:15 PM,,,,,,,,,,,,,17.0,196379.0,Dibya Jyoti Hazarika,1.0,L1,,,,,,,,,
,,,,,,,,,,,,,,,,,,,,,,,,,,,,,,,,,,,,,,,,,,,,,,,,,,,,,,,,,,,,,,,,,,,,,,,,,,,,,,,,,,,,,,,,,,,,,,,,,,,,,,,,,,,,,,,,,,,,,,,,,,,,,,18.0,196394.0,KHEMRAJ LAGACHU,INR,1.0,18.0,196375.0,BIDYUT CHUTIA,22-Aug-2023 02:55 PM,Accepted-AOC,Awarded,23-Jul-2024 12:15 PM,,,,,,,,,,,,,18.0,196394.0,KHEMRAJ LAGACHU,1.0,L1,,,,,,,,,
,,,,,,,,,,,,,,,,,,,,,,,,,,,,,,,,,,,,,,,,,,,,,,,,,,,,,,,,,,,,,,,,,,,,,,,,,,,,,,,,,,,,,,,,,,,,,,,,,,,,,,,,,,,,,,,,,,,,,,,,,,,,,,19.0,196397.0,MONUHAR DOLEY,INR,1.0,19.0,198165.0,Bijoy Krishna Doley,05-Sep-2023 04:07 PM,Accepted-AOC,Awarded,23-Jul-2024 12:15 PM,,,,,,,,,,,,,19.0,196397.0,MONUHAR DOLEY,1.0,L1,,,,,,,,,
,,,,,,,,,,,,,,,,,,,,,,,,,,,,,,,,,,,,,,,,,,,,,,,,,,,,,,,,,,,,,,,,,,,,,,,,,,,,,,,,,,,,,,,,,,,,,,,,,,,,,,,,,,,,,,,,,,,,,,,,,,,,,,20.0,196398.0,Shilpa Pegu,INR,1.0,20.0,198662.0,BIJOY PEGU,06-Sep-2023 03:53 PM,Accepted-AOC,Awarded,23-Jul-2024 12:15 PM,,,,,,,,,,,,,20.0,196398.0,Shilpa Pegu,1.0,L1,,,,,,,,,
,,,,,,,,,,,,,,,,,,,,,,,,,,,,,,,,,,,,,,,,,,,,,,,,,,,,,,,,,,,,,,,,,,,,,,,,,,,,,,,,,,,,,,,,,,,,,,,,,,,,,,,,,,,,,,,,,,,,,,,,,,,,,,21.0,196402.0,DIPEN DAW,INR,1.0,21.0,198107.0,BIKASH HAZARIKA,05-Sep-2023 02:25 PM,Accepted-AOC,Awarded,23-Jul-2024 12:15 PM,,,,,,,,,,,,,21.0,196402.0,DIPEN DAW,1.0,L1,,,,,,,,,
,,,,,,,,,,,,,,,,,,,,,,,,,,,,,,,,,,,,,,,,,,,,,,,,,,,,,,,,,,,,,,,,,,,,,,,,,,,,,,,,,,,,,,,,,,,,,,,,,,,,,,,,,,,,,,,,,,,,,,,,,,,,,,22.0,196460.0,INDRAJIT KULI,INR,1.0,22.0,197822.0,Bikash Saikia,03-Sep-2023 10:01 AM,Accepted-AOC,Awarded,23-Jul-2024 12:15 PM,,,,,,,,,,,,,22.0,196460.0,INDRAJIT KULI,1.0,L1,,,,,,,,,
,,,,,,,,,,,,,,,,,,,,,,,,,,,,,,,,,,,,,,,,,,,,,,,,,,,,,,,,,,,,,,,,,,,,,,,,,,,,,,,,,,,,,,,,,,,,,,,,,,,,,,,,,,,,,,,,,,,,,,,,,,,,,,23.0,196465.0,SATYENDRA BORAH,INR,1.0,23.0,196259.0,BIMAL KUMAR GOGOI,21-Aug-2023 07:14 PM,Accepted-AOC,Awarded,23-Jul-2024 12:15 PM,,,,,,,,,,,,,23.0,196465.0,SATYENDRA BORAH,1.0,L1,,,,,,,,,
,,,,,,,,,,,,,,,,,,,,,,,,,,,,,,,,,,,,,,,,,,,,,,,,,,,,,,,,,,,,,,,,,,,,,,,,,,,,,,,,,,,,,,,,,,,,,,,,,,,,,,,,,,,,,,,,,,,,,,,,,,,,,,24.0,196471.0,SUPRAKASH DUTTA,INR,1.0,24.0,197926.0,BIMAN MUKHARJEE,04-Sep-2023 05:28 PM,Accepted-AOC,Awarded,23-Jul-2024 12:15 PM,,,,,,,,,,,,,24.0,196471.0,SUPRAKASH DUTTA,1.0,L1,,,,,,,,,
,,,,,,,,,,,,,,,,,,,,,,,,,,,,,,,,,,,,,,,,,,,,,,,,,,,,,,,,,,,,,,,,,,,,,,,,,,,,,,,,,,,,,,,,,,,,,,,,,,,,,,,,,,,,,,,,,,,,,,,,,,,,,,25.0,196495.0,NIRADA BURAGOHAIN,INR,1.0,25.0,198221.0,BINIT KR. GOGOI,05-Sep-2023 06:42 PM,Accepted-AOC,Awarded,23-Jul-2024 12:15 PM,,,,,,,,,,,,,25.0,196495.0,NIRADA BURAGOHAIN,1.0,L1,,,,,,,,,
,,,,,,,,,,,,,,,,,,,,,,,,,,,,,,,,,,,,,,,,,,,,,,,,,,,,,,,,,,,,,,,,,,,,,,,,,,,,,,,,,,,,,,,,,,,,,,,,,,,,,,,,,,,,,,,,,,,,,,,,,,,,,,26.0,196562.0,ANITA DAS,INR,1.0,26.0,201536.0,BIPIN KUMAR SINGH,15-Sep-2023 01:07 PM,Accepted-AOC,Awarded,23-Jul-2024 12:15 PM,,,,,,,,,,,,,26.0,196562.0,ANITA DAS,1.0,L1,,,,,,,,,
,,,,,,,,,,,,,,,,,,,,,,,,,,,,,,,,,,,,,,,,,,,,,,,,,,,,,,,,,,,,,,,,,,,,,,,,,,,,,,,,,,,,,,,,,,,,,,,,,,,,,,,,,,,,,,,,,,,,,,,,,,,,,,27.0,196580.0,GAMESWAR MILI,INR,1.0,27.0,196688.0,BIPLAB GOGOI,25-Aug-2023 12:00 PM,Accepted-AOC,Awarded,23-Jul-2024 12:15 PM,,,,,,,,,,,,,27.0,196580.0,GAMESWAR MILI,1.0,L1,,,,,,,,,
,,,,,,,,,,,,,,,,,,,,,,,,,,,,,,,,,,,,,,,,,,,,,,,,,,,,,,,,,,,,,,,,,,,,,,,,,,,,,,,,,,,,,,,,,,,,,,,,,,,,,,,,,,,,,,,,,,,,,,,,,,,,,,28.0,196596.0,PUTUL DOLEY,INR,1.0,28.0,198581.0,Bipul Basumatary,06-Sep-2023 02:23 PM,Accepted-AOC,Awarded,23-Jul-2024 12:15 PM,,,,,,,,,,,,,28.0,196596.0,PUTUL DOLEY,1.0,L1,,,,,,,,,
,,,,,,,,,,,,,,,,,,,,,,,,,,,,,,,,,,,,,,,,,,,,,,,,,,,,,,,,,,,,,,,,,,,,,,,,,,,,,,,,,,,,,,,,,,,,,,,,,,,,,,,,,,,,,,,,,,,,,,,,,,,,,,29.0,196601.0,RITUPARNA CHUTIA,INR,1.0,29.0,197826.0,Bipul Gogoi,03-Sep-2023 10:19 AM,Accepted-AOC,Awarded,23-Jul-2024 12:15 PM,,,,,,,,,,,,,29.0,196601.0,RITUPARNA CHUTIA,1.0,L1,,,,,,,,,
,,,,,,,,,,,,,,,,,,,,,,,,,,,,,,,,,,,,,,,,,,,,,,,,,,,,,,,,,,,,,,,,,,,,,,,,,,,,,,,,,,,,,,,,,,,,,,,,,,,,,,,,,,,,,,,,,,,,,,,,,,,,,,30.0,196603.0,BABU DCHAMUAH,INR,1.0,30.0,200363.0,BIPUL GOGOI,11-Sep-2023 04:08 PM,Accepted-AOC,Awarded,23-Jul-2024 12:15 PM,,,,,,,,,,,,,30.0,196603.0,BABU DCHAMUAH,1.0,L1,,,,,,,,,
,,,,,,,,,,,,,,,,,,,,,,,,,,,,,,,,,,,,,,,,,,,,,,,,,,,,,,,,,,,,,,,,,,,,,,,,,,,,,,,,,,,,,,,,,,,,,,,,,,,,,,,,,,,,,,,,,,,,,,,,,,,,,,31.0,196604.0,DIJIT CHUTIA,INR,1.0,31.0,201356.0,BIREN BARUAH,15-Sep-2023 10:37 AM,Accepted-AOC,Awarded,23-Jul-2024 12:15 PM,,,,,,,,,,,,,31.0,196604.0,DIJIT CHUTIA,1.0,L1,,,,,,,,,
,,,,,,,,,,,,,,,,,,,,,,,,,,,,,,,,,,,,,,,,,,,,,,,,,,,,,,,,,,,,,,,,,,,,,,,,,,,,,,,,,,,,,,,,,,,,,,,,,,,,,,,,,,,,,,,,,,,,,,,,,,,,,,32.0,196626.0,Debajit Changmai,INR,1.0,32.0,198796.0,Biren Sonowal,06-Sep-2023 07:21 PM,Accepted-AOC,Awarded,23-Jul-2024 12:15 PM,,,,,,,,,,,,,32.0,196626.0,Debajit Changmai,1.0,L1,,,,,,,,,
,,,,,,,,,,,,,,,,,,,,,,,,,,,,,,,,,,,,,,,,,,,,,,,,,,,,,,,,,,,,,,,,,,,,,,,,,,,,,,,,,,,,,,,,,,,,,,,,,,,,,,,,,,,,,,,,,,,,,,,,,,,,,,33.0,196630.0,RANJIT GOGOI,INR,1.0,33.0,200685.0,Birinchi Gogoi,13-Sep-2023 03:25 PM,Accepted-AOC,Awarded,23-Jul-2024 12:15 PM,,,,,,,,,,,,,33.0,196630.0,RANJIT GOGOI,1.0,L1,,,,,,,,,
,,,,,,,,,,,,,,,,,,,,,,,,,,,,,,,,,,,,,,,,,,,,,,,,,,,,,,,,,,,,,,,,,,,,,,,,,,,,,,,,,,,,,,,,,,,,,,,,,,,,,,,,,,,,,,,,,,,,,,,,,,,,,,34.0,196632.0,Dipak Gogoi,INR,1.0,34.0,197430.0,BISHNU BORUAH,30-Aug-2023 04:49 PM,Accepted-AOC,Awarded,23-Jul-2024 12:15 PM,,,,,,,,,,,,,34.0,196632.0,Dipak Gogoi,1.0,L1,,,,,,,,,
,,,,,,,,,,,,,,,,,,,,,,,,,,,,,,,,,,,,,,,,,,,,,,,,,,,,,,,,,,,,,,,,,,,,,,,,,,,,,,,,,,,,,,,,,,,,,,,,,,,,,,,,,,,,,,,,,,,,,,,,,,,,,,35.0,196674.0,JOY PROKASH KUMBANG,INR,1.0,35.0,197049.0,Biswadip Pegu,28-Aug-2023 12:17 PM,Accepted-AOC,Awarded,23-Jul-2024 12:15 PM,,,,,,,,,,,,,35.0,196674.0,JOY PROKASH KUMBANG,1.0,L1,,,,,,,,,
,,,,,,,,,,,,,,,,,,,,,,,,,,,,,,,,,,,,,,,,,,,,,,,,,,,,,,,,,,,,,,,,,,,,,,,,,,,,,,,,,,,,,,,,,,,,,,,,,,,,,,,,,,,,,,,,,,,,,,,,,,,,,,36.0,196688.0,BIPLAB GOGOI,INR,1.0,36.0,197061.0,Biswanath Doley,28-Aug-2023 12:35 PM,Accepted-AOC,Awarded,23-Jul-2024 12:15 PM,,,,,,,,,,,,,36.0,196688.0,BIPLAB GOGOI,1.0,L1,,,,,,,,,
,,,,,,,,,,,,,,,,,,,,,,,,,,,,,,,,,,,,,,,,,,,,,,,,,,,,,,,,,,,,,,,,,,,,,,,,,,,,,,,,,,,,,,,,,,,,,,,,,,,,,,,,,,,,,,,,,,,,,,,,,,,,,,37.0,196691.0,PRADIP CHANGMAI,INR,1.0,37.0,200000.0,Bitupan Chamuah,09-Sep-2023 06:15 PM,Accepted-AOC,Awarded,23-Jul-2024 12:15 PM,,,,,,,,,,,,,37.0,196691.0,PRADIP CHANGMAI,1.0,L1,,,,,,,,,
,,,,,,,,,,,,,,,,,,,,,,,,,,,,,,,,,,,,,,,,,,,,,,,,,,,,,,,,,,,,,,,,,,,,,,,,,,,,,,,,,,,,,,,,,,,,,,,,,,,,,,,,,,,,,,,,,,,,,,,,,,,,,,38.0,196721.0,Sankar Gogoi,INR,1.0,38.0,198468.0,Bivuti Bhuyan,06-Sep-2023 12:49 PM,Accepted-AOC,Awarded,23-Jul-2024 12:15 PM,,,,,,,,,,,,,38.0,196721.0,Sankar Gogoi,1.0,L1,,,,,,,,,
,,,,,,,,,,,,,,,,,,,,,,,,,,,,,,,,,,,,,,,,,,,,,,,,,,,,,,,,,,,,,,,,,,,,,,,,,,,,,,,,,,,,,,,,,,,,,,,,,,,,,,,,,,,,,,,,,,,,,,,,,,,,,,39.0,196726.0,PAPU GOGOI,INR,1.0,39.0,197225.0,BRAHMAPUTRA COMMERCE AND TRADE,29-Aug-2023 12:47 PM,Accepted-AOC,Awarded,23-Jul-2024 12:15 PM,,,,,,,,,,,,,39.0,196726.0,PAPU GOGOI,1.0,L1,,,,,,,,,
,,,,,,,,,,,,,,,,,,,,,,,,,,,,,,,,,,,,,,,,,,,,,,,,,,,,,,,,,,,,,,,,,,,,,,,,,,,,,,,,,,,,,,,,,,,,,,,,,,,,,,,,,,,,,,,,,,,,,,,,,,,,,,40.0,196793.0,MILONJYOTI BORUAH,INR,1.0,40.0,199147.0,CHANDAN TRUST FIRM,07-Sep-2023 11:29 AM,Accepted-AOC,Awarded,23-Jul-2024 12:15 PM,,,,,,,,,,,,,40.0,196793.0,MILONJYOTI BORUAH,1.0,L1,,,,,,,,,
,,,,,,,,,,,,,,,,,,,,,,,,,,,,,,,,,,,,,,,,,,,,,,,,,,,,,,,,,,,,,,,,,,,,,,,,,,,,,,,,,,,,,,,,,,,,,,,,,,,,,,,,,,,,,,,,,,,,,,,,,,,,,,41.0,196811.0,DAYANANDA PEGU,INR,1.0,41.0,200658.0,CHENIDHAR KUMBANG,13-Sep-2023 01:58 PM,Accepted-AOC,Awarded,23-Jul-2024 12:15 PM,,,,,,,,,,,,,41.0,196811.0,DAYANANDA PEGU,1.0,L1,,,,,,,,,
,,,,,,,,,,,,,,,,,,,,,,,,,,,,,,,,,,,,,,,,,,,,,,,,,,,,,,,,,,,,,,,,,,,,,,,,,,,,,,,,,,,,,,,,,,,,,,,,,,,,,,,,,,,,,,,,,,,,,,,,,,,,,,42.0,197021.0,DHAN HAZARIKA,INR,1.0,42.0,197893.0,CHENIRAM HANDIQUE,04-Sep-2023 01:47 PM,Accepted-AOC,Awarded,23-Jul-2024 12:15 PM,,,,,,,,,,,,,42.0,197021.0,DHAN HAZARIKA,1.0,L1,,,,,,,,,
,,,,,,,,,,,,,,,,,,,,,,,,,,,,,,,,,,,,,,,,,,,,,,,,,,,,,,,,,,,,,,,,,,,,,,,,,,,,,,,,,,,,,,,,,,,,,,,,,,,,,,,,,,,,,,,,,,,,,,,,,,,,,,43.0,197040.0,Kumal Pegu,INR,1.0,43.0,199638.0,CHIRANJIT GOGOI,07-Sep-2023 03:40 PM,Accepted-AOC,Awarded,23-Jul-2024 12:15 PM,,,,,,,,,,,,,43.0,197040.0,Kumal Pegu,1.0,L1,,,,,,,,,
,,,,,,,,,,,,,,,,,,,,,,,,,,,,,,,,,,,,,,,,,,,,,,,,,,,,,,,,,,,,,,,,,,,,,,,,,,,,,,,,,,,,,,,,,,,,,,,,,,,,,,,,,,,,,,,,,,,,,,,,,,,,,,44.0,197049.0,Biswadip Pegu,INR,1.0,44.0,196283.0,CHIRAN KUMAR GOGOI,21-Aug-2023 06:02 PM,Accepted-AOC,Awarded,23-Jul-2024 12:15 PM,,,,,,,,,,,,,44.0,197049.0,Biswadip Pegu,1.0,L1,,,,,,,,,
,,,,,,,,,,,,,,,,,,,,,,,,,,,,,,,,,,,,,,,,,,,,,,,,,,,,,,,,,,,,,,,,,,,,,,,,,,,,,,,,,,,,,,,,,,,,,,,,,,,,,,,,,,,,,,,,,,,,,,,,,,,,,,45.0,197056.0,Pranjal Pegu,INR,1.0,45.0,198063.0,CHITRAMONI BORPATRA GOHAIN,05-Sep-2023 01:15 PM,Accepted-AOC,Awarded,23-Jul-2024 12:15 PM,,,,,,,,,,,,,45.0,197056.0,Pranjal Pegu,1.0,L1,,,,,,,,,
,,,,,,,,,,,,,,,,,,,,,,,,,,,,,,,,,,,,,,,,,,,,,,,,,,,,,,,,,,,,,,,,,,,,,,,,,,,,,,,,,,,,,,,,,,,,,,,,,,,,,,,,,,,,,,,,,,,,,,,,,,,,,,46.0,197061.0,Biswanath Doley,INR,1.0,46.0,197945.0,DAYA NANDA KACHARI,04-Sep-2023 05:50 PM,Accepted-AOC,Awarded,23-Jul-2024 12:15 PM,,,,,,,,,,,,,46.0,197061.0,Biswanath Doley,1.0,L1,,,,,,,,,
,,,,,,,,,,,,,,,,,,,,,,,,,,,,,,,,,,,,,,,,,,,,,,,,,,,,,,,,,,,,,,,,,,,,,,,,,,,,,,,,,,,,,,,,,,,,,,,,,,,,,,,,,,,,,,,,,,,,,,,,,,,,,,47.0,197083.0,DHB MULTIPURPOSE ENGINEERING ENTERPRISE,INR,1.0,47.0,196811.0,DAYANANDA PEGU,26-Aug-2023 03:38 PM,Accepted-AOC,Awarded,23-Jul-2024 12:15 PM,,,,,,,,,,,,,47.0,197083.0,DHB MULTIPURPOSE ENGINEERING ENTERPRISE,1.0,L1,,,,,,,,,
,,,,,,,,,,,,,,,,,,,,,,,,,,,,,,,,,,,,,,,,,,,,,,,,,,,,,,,,,,,,,,,,,,,,,,,,,,,,,,,,,,,,,,,,,,,,,,,,,,,,,,,,,,,,,,,,,,,,,,,,,,,,,,48.0,197087.0,Paresh Doley,INR,1.0,48.0,196626.0,Debajit Changmai,24-Aug-2023 06:30 PM,Accepted-AOC,Awarded,23-Jul-2024 12:15 PM,,,,,,,,,,,,,48.0,197087.0,Paresh Doley,1.0,L1,,,,,,,,,
,,,,,,,,,,,,,,,,,,,,,,,,,,,,,,,,,,,,,,,,,,,,,,,,,,,,,,,,,,,,,,,,,,,,,,,,,,,,,,,,,,,,,,,,,,,,,,,,,,,,,,,,,,,,,,,,,,,,,,,,,,,,,,49.0,197088.0,Laken Basumatary,INR,1.0,49.0,198594.0,DEBA PRATIM CHUTIA,06-Sep-2023 02:38 PM,Accepted-AOC,Awarded,23-Jul-2024 12:15 PM,,,,,,,,,,,,,49.0,197088.0,Laken Basumatary,1.0,L1,,,,,,,,,
,,,,,,,,,,,,,,,,,,,,,,,,,,,,,,,,,,,,,,,,,,,,,,,,,,,,,,,,,,,,,,,,,,,,,,,,,,,,,,,,,,,,,,,,,,,,,,,,,,,,,,,,,,,,,,,,,,,,,,,,,,,,,,50.0,197101.0,Apaw Patir,INR,1.0,50.0,198450.0,Deba Pratim Deori,06-Sep-2023 12:37 PM,Accepted-AOC,Awarded,23-Jul-2024 12:15 PM,,,,,,,,,,,,,50.0,197101.0,Apaw Patir,1.0,L1,,,,,,,,,
,,,,,,,,,,,,,,,,,,,,,,,,,,,,,,,,,,,,,,,,,,,,,,,,,,,,,,,,,,,,,,,,,,,,,,,,,,,,,,,,,,,,,,,,,,,,,,,,,,,,,,,,,,,,,,,,,,,,,,,,,,,,,,51.0,197104.0,ROBIN BORO,INR,1.0,51.0,197021.0,DHAN HAZARIKA,28-Aug-2023 11:20 AM,Accepted-AOC,Awarded,23-Jul-2024 12:15 PM,,,,,,,,,,,,,51.0,197104.0,ROBIN BORO,1.0,L1,,,,,,,,,
,,,,,,,,,,,,,,,,,,,,,,,,,,,,,,,,,,,,,,,,,,,,,,,,,,,,,,,,,,,,,,,,,,,,,,,,,,,,,,,,,,,,,,,,,,,,,,,,,,,,,,,,,,,,,,,,,,,,,,,,,,,,,,52.0,197110.0,Hemanta Gogoi,INR,1.0,52.0,197083.0,DHB MULTIPURPOSE ENGINEERING ENTERPRISE,31-Aug-2023 03:24 PM,Accepted-AOC,Awarded,23-Jul-2024 12:15 PM,,,,,,,,,,,,,52.0,197110.0,Hemanta Gogoi,1.0,L1,,,,,,,,,
,,,,,,,,,,,,,,,,,,,,,,,,,,,,,,,,,,,,,,,,,,,,,,,,,,,,,,,,,,,,,,,,,,,,,,,,,,,,,,,,,,,,,,,,,,,,,,,,,,,,,,,,,,,,,,,,,,,,,,,,,,,,,,53.0,197111.0,Lakhi Prova Bori,INR,1.0,53.0,198884.0,DHRUBAJYOTI BORGOHAIN,06-Sep-2023 09:57 PM,Accepted-AOC,Awarded,23-Jul-2024 12:15 PM,,,,,,,,,,,,,53.0,197111.0,Lakhi Prova Bori,1.0,L1,,,,,,,,,
,,,,,,,,,,,,,,,,,,,,,,,,,,,,,,,,,,,,,,,,,,,,,,,,,,,,,,,,,,,,,,,,,,,,,,,,,,,,,,,,,,,,,,,,,,,,,,,,,,,,,,,,,,,,,,,,,,,,,,,,,,,,,,54.0,197127.0,PRANAB CHUTIA,INR,1.0,54.0,196379.0,Dibya Jyoti Hazarika,22-Aug-2023 03:25 PM,Accepted-AOC,Awarded,23-Jul-2024 12:15 PM,,,,,,,,,,,,,54.0,197127.0,PRANAB CHUTIA,1.0,L1,,,,,,,,,
,,,,,,,,,,,,,,,,,,,,,,,,,,,,,,,,,,,,,,,,,,,,,,,,,,,,,,,,,,,,,,,,,,,,,,,,,,,,,,,,,,,,,,,,,,,,,,,,,,,,,,,,,,,,,,,,,,,,,,,,,,,,,,55.0,197141.0,AJIT DAHAL,INR,1.0,55.0,196604.0,DIJIT CHUTIA,24-Aug-2023 03:35 PM,Accepted-AOC,Awarded,23-Jul-2024 12:15 PM,,,,,,,,,,,,,55.0,197141.0,AJIT DAHAL,1.0,L1,,,,,,,,,
,,,,,,,,,,,,,,,,,,,,,,,,,,,,,,,,,,,,,,,,,,,,,,,,,,,,,,,,,,,,,,,,,,,,,,,,,,,,,,,,,,,,,,,,,,,,,,,,,,,,,,,,,,,,,,,,,,,,,,,,,,,,,,56.0,197145.0,LAKHI NANDAN SAIKIA,INR,1.0,56.0,198034.0,DILENDRA RAY,05-Sep-2023 12:00 PM,Accepted-AOC,Awarded,23-Jul-2024 12:15 PM,,,,,,,,,,,,,56.0,197145.0,LAKHI NANDAN SAIKIA,1.0,L1,,,,,,,,,
,,,,,,,,,,,,,,,,,,,,,,,,,,,,,,,,,,,,,,,,,,,,,,,,,,,,,,,,,,,,,,,,,,,,,,,,,,,,,,,,,,,,,,,,,,,,,,,,,,,,,,,,,,,,,,,,,,,,,,,,,,,,,,57.0,197149.0,Ranjit Gogoi,INR,1.0,57.0,200403.0,DILIP KUMAR SAIKIA,12-Sep-2023 12:14 AM,Accepted-AOC,Awarded,23-Jul-2024 12:15 PM,,,,,,,,,,,,,57.0,197149.0,Ranjit Gogoi,1.0,L1,,,,,,,,,
,,,,,,,,,,,,,,,,,,,,,,,,,,,,,,,,,,,,,,,,,,,,,,,,,,,,,,,,,,,,,,,,,,,,,,,,,,,,,,,,,,,,,,,,,,,,,,,,,,,,,,,,,,,,,,,,,,,,,,,,,,,,,,58.0,197210.0,KHAGEN HAZARIKA,INR,1.0,58.0,198341.0,DILIP PATIR,06-Sep-2023 09:19 AM,Accepted-AOC,Awarded,23-Jul-2024 12:15 PM,,,,,,,,,,,,,58.0,197210.0,KHAGEN HAZARIKA,1.0,L1,,,,,,,,,
,,,,,,,,,,,,,,,,,,,,,,,,,,,,,,,,,,,,,,,,,,,,,,,,,,,,,,,,,,,,,,,,,,,,,,,,,,,,,,,,,,,,,,,,,,,,,,,,,,,,,,,,,,,,,,,,,,,,,,,,,,,,,,59.0,197212.0,RAJ KUMAR SINGH,INR,1.0,59.0,199415.0,DIMPLE BORPATRA GOHAIN,07-Sep-2023 01:52 PM,Accepted-AOC,Awarded,23-Jul-2024 12:15 PM,,,,,,,,,,,,,59.0,197212.0,RAJ KUMAR SINGH,1.0,L1,,,,,,,,,
,,,,,,,,,,,,,,,,,,,,,,,,,,,,,,,,,,,,,,,,,,,,,,,,,,,,,,,,,,,,,,,,,,,,,,,,,,,,,,,,,,,,,,,,,,,,,,,,,,,,,,,,,,,,,,,,,,,,,,,,,,,,,,60.0,197225.0,BRAHMAPUTRA COMMERCE AND TRADE,INR,1.0,60.0,201458.0,DIMPUL BORGOHAIN,15-Sep-2023 12:20 PM,Accepted-AOC,Awarded,23-Jul-2024 12:15 PM,,,,,,,,,,,,,60.0,197225.0,BRAHMAPUTRA COMMERCE AND TRADE,1.0,L1,,,,,,,,,
,,,,,,,,,,,,,,,,,,,,,,,,,,,,,,,,,,,,,,,,,,,,,,,,,,,,,,,,,,,,,,,,,,,,,,,,,,,,,,,,,,,,,,,,,,,,,,,,,,,,,,,,,,,,,,,,,,,,,,,,,,,,,,61.0,197227.0,KRIPONATH BORI,INR,1.0,61.0,198260.0,DIPAK BORUAH,05-Sep-2023 08:05 PM,Accepted-AOC,Awarded,23-Jul-2024 12:15 PM,,,,,,,,,,,,,61.0,197227.0,KRIPONATH BORI,1.0,L1,,,,,,,,,
,,,,,,,,,,,,,,,,,,,,,,,,,,,,,,,,,,,,,,,,,,,,,,,,,,,,,,,,,,,,,,,,,,,,,,,,,,,,,,,,,,,,,,,,,,,,,,,,,,,,,,,,,,,,,,,,,,,,,,,,,,,,,,62.0,197229.0,Jogdiram Doley,INR,1.0,62.0,196632.0,Dipak Gogoi,24-Aug-2023 06:57 PM,Accepted-AOC,Awarded,23-Jul-2024 12:15 PM,,,,,,,,,,,,,62.0,197229.0,Jogdiram Doley,1.0,L1,,,,,,,,,
,,,,,,,,,,,,,,,,,,,,,,,,,,,,,,,,,,,,,,,,,,,,,,,,,,,,,,,,,,,,,,,,,,,,,,,,,,,,,,,,,,,,,,,,,,,,,,,,,,,,,,,,,,,,,,,,,,,,,,,,,,,,,,63.0,197248.0,GHANASHYAM KUTUM,INR,1.0,63.0,196402.0,DIPEN DAW,22-Aug-2023 05:36 PM,Accepted-AOC,Awarded,23-Jul-2024 12:15 PM,,,,,,,,,,,,,63.0,197248.0,GHANASHYAM KUTUM,1.0,L1,,,,,,,,,
,,,,,,,,,,,,,,,,,,,,,,,,,,,,,,,,,,,,,,,,,,,,,,,,,,,,,,,,,,,,,,,,,,,,,,,,,,,,,,,,,,,,,,,,,,,,,,,,,,,,,,,,,,,,,,,,,,,,,,,,,,,,,,64.0,197323.0,SUNANDA PEGU,INR,1.0,64.0,200816.0,Dipen Gogoi,13-Sep-2023 10:18 PM,Accepted-AOC,Awarded,23-Jul-2024 12:15 PM,,,,,,,,,,,,,64.0,197323.0,SUNANDA PEGU,1.0,L1,,,,,,,,,
,,,,,,,,,,,,,,,,,,,,,,,,,,,,,,,,,,,,,,,,,,,,,,,,,,,,,,,,,,,,,,,,,,,,,,,,,,,,,,,,,,,,,,,,,,,,,,,,,,,,,,,,,,,,,,,,,,,,,,,,,,,,,,65.0,197324.0,NAREN KONWAR,INR,1.0,65.0,197820.0,Dulu Chutia,03-Sep-2023 09:54 AM,Accepted-AOC,Awarded,23-Jul-2024 12:15 PM,,,,,,,,,,,,,65.0,197324.0,NAREN KONWAR,1.0,L1,,,,,,,,,
,,,,,,,,,,,,,,,,,,,,,,,,,,,,,,,,,,,,,,,,,,,,,,,,,,,,,,,,,,,,,,,,,,,,,,,,,,,,,,,,,,,,,,,,,,,,,,,,,,,,,,,,,,,,,,,,,,,,,,,,,,,,,,66.0,197375.0,TUILYA CHETIA,INR,1.0,66.0,197874.0,Durgeswar Mili,04-Sep-2023 11:48 AM,Accepted-AOC,Awarded,23-Jul-2024 12:15 PM,,,,,,,,,,,,,66.0,197375.0,TUILYA CHETIA,1.0,L1,,,,,,,,,
,,,,,,,,,,,,,,,,,,,,,,,,,,,,,,,,,,,,,,,,,,,,,,,,,,,,,,,,,,,,,,,,,,,,,,,,,,,,,,,,,,,,,,,,,,,,,,,,,,,,,,,,,,,,,,,,,,,,,,,,,,,,,,67.0,197381.0,KULA PRASAD GOHAIN,INR,1.0,67.0,198536.0,DWIBAN KUMAR BARO,06-Sep-2023 01:53 PM,Accepted-AOC,Awarded,23-Jul-2024 12:15 PM,,,,,,,,,,,,,67.0,197381.0,KULA PRASAD GOHAIN,1.0,L1,,,,,,,,,
,,,,,,,,,,,,,,,,,,,,,,,,,,,,,,,,,,,,,,,,,,,,,,,,,,,,,,,,,,,,,,,,,,,,,,,,,,,,,,,,,,,,,,,,,,,,,,,,,,,,,,,,,,,,,,,,,,,,,,,,,,,,,,68.0,197389.0,MANASH KULI,INR,1.0,68.0,196580.0,GAMESWAR MILI,24-Aug-2023 02:02 PM,Accepted-AOC,Awarded,23-Jul-2024 12:15 PM,,,,,,,,,,,,,68.0,197389.0,MANASH KULI,1.0,L1,,,,,,,,,
,,,,,,,,,,,,,,,,,,,,,,,,,,,,,,,,,,,,,,,,,,,,,,,,,,,,,,,,,,,,,,,,,,,,,,,,,,,,,,,,,,,,,,,,,,,,,,,,,,,,,,,,,,,,,,,,,,,,,,,,,,,,,,69.0,197390.0,PUTUL HANDIQUE,INR,1.0,69.0,197733.0,Ganesh Mili,02-Sep-2023 02:28 PM,Accepted-AOC,Awarded,23-Jul-2024 12:15 PM,,,,,,,,,,,,,69.0,197390.0,PUTUL HANDIQUE,1.0,L1,,,,,,,,,
,,,,,,,,,,,,,,,,,,,,,,,,,,,,,,,,,,,,,,,,,,,,,,,,,,,,,,,,,,,,,,,,,,,,,,,,,,,,,,,,,,,,,,,,,,,,,,,,,,,,,,,,,,,,,,,,,,,,,,,,,,,,,,70.0,197396.0,Pranam Pao,INR,1.0,70.0,198018.0,Ghana Kanta Narah,05-Sep-2023 11:10 AM,Accepted-AOC,Awarded,23-Jul-2024 12:15 PM,,,,,,,,,,,,,70.0,197396.0,Pranam Pao,1.0,L1,,,,,,,,,
,,,,,,,,,,,,,,,,,,,,,,,,,,,,,,,,,,,,,,,,,,,,,,,,,,,,,,,,,,,,,,,,,,,,,,,,,,,,,,,,,,,,,,,,,,,,,,,,,,,,,,,,,,,,,,,,,,,,,,,,,,,,,,71.0,197404.0,PABITRA PEGU,INR,1.0,71.0,198083.0,GHANA KRISHNA BORGOHAIN,05-Sep-2023 01:52 PM,Accepted-AOC,Awarded,23-Jul-2024 12:15 PM,,,,,,,,,,,,,71.0,197404.0,PABITRA PEGU,1.0,L1,,,,,,,,,
,,,,,,,,,,,,,,,,,,,,,,,,,,,,,,,,,,,,,,,,,,,,,,,,,,,,,,,,,,,,,,,,,,,,,,,,,,,,,,,,,,,,,,,,,,,,,,,,,,,,,,,,,,,,,,,,,,,,,,,,,,,,,,72.0,197416.0,UTPAL BORPATRA GOHAIN,INR,1.0,72.0,197248.0,GHANASHYAM KUTUM,29-Aug-2023 02:19 PM,Accepted-AOC,Awarded,23-Jul-2024 12:15 PM,,,,,,,,,,,,,72.0,197416.0,UTPAL BORPATRA GOHAIN,1.0,L1,,,,,,,,,
,,,,,,,,,,,,,,,,,,,,,,,,,,,,,,,,,,,,,,,,,,,,,,,,,,,,,,,,,,,,,,,,,,,,,,,,,,,,,,,,,,,,,,,,,,,,,,,,,,,,,,,,,,,,,,,,,,,,,,,,,,,,,,73.0,197421.0,UTPAL SAIKIA,INR,1.0,73.0,198918.0,GOPANKA PATHAK,06-Sep-2023 10:39 PM,Accepted-AOC,Awarded,23-Jul-2024 12:15 PM,,,,,,,,,,,,,73.0,197421.0,UTPAL SAIKIA,1.0,L1,,,,,,,,,
,,,,,,,,,,,,,,,,,,,,,,,,,,,,,,,,,,,,,,,,,,,,,,,,,,,,,,,,,,,,,,,,,,,,,,,,,,,,,,,,,,,,,,,,,,,,,,,,,,,,,,,,,,,,,,,,,,,,,,,,,,,,,,74.0,197425.0,Mr. Upen Nath Bagiri,INR,1.0,74.0,200702.0,HANDRY MILI,13-Sep-2023 03:55 PM,Accepted-AOC,Awarded,23-Jul-2024 12:15 PM,,,,,,,,,,,,,74.0,197425.0,Mr. Upen Nath Bagiri,1.0,L1,,,,,,,,,
,,,,,,,,,,,,,,,,,,,,,,,,,,,,,,,,,,,,,,,,,,,,,,,,,,,,,,,,,,,,,,,,,,,,,,,,,,,,,,,,,,,,,,,,,,,,,,,,,,,,,,,,,,,,,,,,,,,,,,,,,,,,,,75.0,197430.0,BISHNU BORUAH,INR,1.0,75.0,197665.0,Hari Chandra Mili,01-Sep-2023 03:20 PM,Accepted-AOC,Awarded,23-Jul-2024 12:15 PM,,,,,,,,,,,,,75.0,197430.0,BISHNU BORUAH,1.0,L1,,,,,,,,,
,,,,,,,,,,,,,,,,,,,,,,,,,,,,,,,,,,,,,,,,,,,,,,,,,,,,,,,,,,,,,,,,,,,,,,,,,,,,,,,,,,,,,,,,,,,,,,,,,,,,,,,,,,,,,,,,,,,,,,,,,,,,,,76.0,197434.0,NAGENDRA BAGIRI,INR,1.0,76.0,197585.0,HARIPRASAD BARUAH,31-Aug-2023 06:54 PM,Accepted-AOC,Awarded,23-Jul-2024 12:15 PM,,,,,,,,,,,,,76.0,197434.0,NAGENDRA BAGIRI,1.0,L1,,,,,,,,,
,,,,,,,,,,,,,,,,,,,,,,,,,,,,,,,,,,,,,,,,,,,,,,,,,,,,,,,,,,,,,,,,,,,,,,,,,,,,,,,,,,,,,,,,,,,,,,,,,,,,,,,,,,,,,,,,,,,,,,,,,,,,,,77.0,197500.0,SRI BINANDA CHANDRA BORUAH,INR,1.0,77.0,198883.0,HEMA GOHAIN,06-Sep-2023 09:56 PM,Accepted-AOC,Awarded,23-Jul-2024 12:15 PM,,,,,,,,,,,,,77.0,197500.0,SRI BINANDA CHANDRA BORUAH,1.0,L1,,,,,,,,,
,,,,,,,,,,,,,,,,,,,,,,,,,,,,,,,,,,,,,,,,,,,,,,,,,,,,,,,,,,,,,,,,,,,,,,,,,,,,,,,,,,,,,,,,,,,,,,,,,,,,,,,,,,,,,,,,,,,,,,,,,,,,,,78.0,197504.0,ARUPJYOTI MAHANTA,INR,1.0,78.0,199342.0,Hemanga Kumar Das,07-Sep-2023 01:19 PM,Accepted-AOC,Awarded,23-Jul-2024 12:15 PM,,,,,,,,,,,,,78.0,197504.0,ARUPJYOTI MAHANTA,1.0,L1,,,,,,,,,
,,,,,,,,,,,,,,,,,,,,,,,,,,,,,,,,,,,,,,,,,,,,,,,,,,,,,,,,,,,,,,,,,,,,,,,,,,,,,,,,,,,,,,,,,,,,,,,,,,,,,,,,,,,,,,,,,,,,,,,,,,,,,,79.0,197516.0,RAJIB KR DUTTA,INR,1.0,79.0,197110.0,Hemanta Gogoi,28-Aug-2023 03:26 PM,Accepted-AOC,Awarded,23-Jul-2024 12:15 PM,,,,,,,,,,,,,79.0,197516.0,RAJIB KR DUTTA,1.0,L1,,,,,,,,,
,,,,,,,,,,,,,,,,,,,,,,,,,,,,,,,,,,,,,,,,,,,,,,,,,,,,,,,,,,,,,,,,,,,,,,,,,,,,,,,,,,,,,,,,,,,,,,,,,,,,,,,,,,,,,,,,,,,,,,,,,,,,,,80.0,197529.0,SURESH SAIKIA,INR,1.0,80.0,197656.0,HEMCHANDRA BORUAH,01-Sep-2023 02:26 PM,Accepted-AOC,Awarded,23-Jul-2024 12:15 PM,,,,,,,,,,,,,80.0,197529.0,SURESH SAIKIA,1.0,L1,,,,,,,,,
,,,,,,,,,,,,,,,,,,,,,,,,,,,,,,,,,,,,,,,,,,,,,,,,,,,,,,,,,,,,,,,,,,,,,,,,,,,,,,,,,,,,,,,,,,,,,,,,,,,,,,,,,,,,,,,,,,,,,,,,,,,,,,81.0,197535.0,THANURAM KONWAR,INR,1.0,81.0,200968.0,HI-Tech Water Solutions Pvt. Ltd,14-Sep-2023 02:55 PM,Accepted-AOC,Awarded,23-Jul-2024 12:15 PM,,,,,,,,,,,,,81.0,197535.0,THANURAM KONWAR,1.0,L1,,,,,,,,,
,,,,,,,,,,,,,,,,,,,,,,,,,,,,,,,,,,,,,,,,,,,,,,,,,,,,,,,,,,,,,,,,,,,,,,,,,,,,,,,,,,,,,,,,,,,,,,,,,,,,,,,,,,,,,,,,,,,,,,,,,,,,,,82.0,197542.0,ABIN SWARGIARY,INR,1.0,82.0,197738.0,INDRAJIT BORUAH,02-Sep-2023 03:02 PM,Accepted-AOC,Awarded,23-Jul-2024 12:15 PM,,,,,,,,,,,,,82.0,197542.0,ABIN SWARGIARY,1.0,L1,,,,,,,,,
,,,,,,,,,,,,,,,,,,,,,,,,,,,,,,,,,,,,,,,,,,,,,,,,,,,,,,,,,,,,,,,,,,,,,,,,,,,,,,,,,,,,,,,,,,,,,,,,,,,,,,,,,,,,,,,,,,,,,,,,,,,,,,83.0,197545.0,JINTU MAHANTA,INR,1.0,83.0,196460.0,INDRAJIT KULI,23-Aug-2023 01:43 PM,Accepted-AOC,Awarded,23-Jul-2024 12:15 PM,,,,,,,,,,,,,83.0,197545.0,JINTU MAHANTA,1.0,L1,,,,,,,,,
,,,,,,,,,,,,,,,,,,,,,,,,,,,,,,,,,,,,,,,,,,,,,,,,,,,,,,,,,,,,,,,,,,,,,,,,,,,,,,,,,,,,,,,,,,,,,,,,,,,,,,,,,,,,,,,,,,,,,,,,,,,,,,84.0,197552.0,RAJU BORUAH,INR,1.0,84.0,197767.0,Jagadish Mili,02-Sep-2023 05:15 PM,Accepted-AOC,Awarded,23-Jul-2024 12:15 PM,,,,,,,,,,,,,84.0,197552.0,RAJU BORUAH,1.0,L1,,,,,,,,,
,,,,,,,,,,,,,,,,,,,,,,,,,,,,,,,,,,,,,,,,,,,,,,,,,,,,,,,,,,,,,,,,,,,,,,,,,,,,,,,,,,,,,,,,,,,,,,,,,,,,,,,,,,,,,,,,,,,,,,,,,,,,,,85.0,197555.0,MUKESH MILI,INR,1.0,85.0,199250.0,Jatin Thengal,07-Sep-2023 12:27 PM,Accepted-AOC,Awarded,23-Jul-2024 12:15 PM,,,,,,,,,,,,,85.0,197555.0,MUKESH MILI,1.0,L1,,,,,,,,,
,,,,,,,,,,,,,,,,,,,,,,,,,,,,,,,,,,,,,,,,,,,,,,,,,,,,,,,,,,,,,,,,,,,,,,,,,,,,,,,,,,,,,,,,,,,,,,,,,,,,,,,,,,,,,,,,,,,,,,,,,,,,,,86.0,197570.0,PRASANTA CHETIA,INR,1.0,86.0,200821.0,JAYANTA DUTTA,13-Sep-2023 10:34 PM,Accepted-AOC,Awarded,23-Jul-2024 12:15 PM,,,,,,,,,,,,,86.0,197570.0,PRASANTA CHETIA,1.0,L1,,,,,,,,,
,,,,,,,,,,,,,,,,,,,,,,,,,,,,,,,,,,,,,,,,,,,,,,,,,,,,,,,,,,,,,,,,,,,,,,,,,,,,,,,,,,,,,,,,,,,,,,,,,,,,,,,,,,,,,,,,,,,,,,,,,,,,,,87.0,197574.0,MANOJ GOHAIN,INR,1.0,87.0,201347.0,JINTU GOGOI,15-Sep-2023 10:21 AM,Accepted-AOC,Awarded,23-Jul-2024 12:15 PM,,,,,,,,,,,,,87.0,197574.0,MANOJ GOHAIN,1.0,L1,,,,,,,,,
,,,,,,,,,,,,,,,,,,,,,,,,,,,,,,,,,,,,,,,,,,,,,,,,,,,,,,,,,,,,,,,,,,,,,,,,,,,,,,,,,,,,,,,,,,,,,,,,,,,,,,,,,,,,,,,,,,,,,,,,,,,,,,88.0,197581.0,MANASH JYOTI BORUAH,INR,1.0,88.0,197545.0,JINTU MAHANTA,31-Aug-2023 03:02 PM,Accepted-AOC,Awarded,23-Jul-2024 12:15 PM,,,,,,,,,,,,,88.0,197581.0,MANASH JYOTI BORUAH,1.0,L1,,,,,,,,,
,,,,,,,,,,,,,,,,,,,,,,,,,,,,,,,,,,,,,,,,,,,,,,,,,,,,,,,,,,,,,,,,,,,,,,,,,,,,,,,,,,,,,,,,,,,,,,,,,,,,,,,,,,,,,,,,,,,,,,,,,,,,,,89.0,197585.0,HARIPRASAD BARUAH,INR,1.0,89.0,201050.0,JITUL SONOWAL,14-Sep-2023 05:18 PM,Accepted-AOC,Awarded,23-Jul-2024 12:15 PM,,,,,,,,,,,,,89.0,197585.0,HARIPRASAD BARUAH,1.0,L1,,,,,,,,,
,,,,,,,,,,,,,,,,,,,,,,,,,,,,,,,,,,,,,,,,,,,,,,,,,,,,,,,,,,,,,,,,,,,,,,,,,,,,,,,,,,,,,,,,,,,,,,,,,,,,,,,,,,,,,,,,,,,,,,,,,,,,,,90.0,197593.0,Simanta Gogoi,INR,1.0,90.0,197229.0,Jogdiram Doley,29-Aug-2023 12:53 PM,Accepted-AOC,Awarded,23-Jul-2024 12:15 PM,,,,,,,,,,,,,90.0,197593.0,Simanta Gogoi,1.0,L1,,,,,,,,,
,,,,,,,,,,,,,,,,,,,,,,,,,,,,,,,,,,,,,,,,,,,,,,,,,,,,,,,,,,,,,,,,,,,,,,,,,,,,,,,,,,,,,,,,,,,,,,,,,,,,,,,,,,,,,,,,,,,,,,,,,,,,,,91.0,197635.0,MANUJ KUMAR NARAH,INR,1.0,91.0,198481.0,Joydeep Borgohain,06-Sep-2023 01:04 PM,Accepted-AOC,Awarded,23-Jul-2024 12:15 PM,,,,,,,,,,,,,91.0,197635.0,MANUJ KUMAR NARAH,1.0,L1,,,,,,,,,
,,,,,,,,,,,,,,,,,,,,,,,,,,,,,,,,,,,,,,,,,,,,,,,,,,,,,,,,,,,,,,,,,,,,,,,,,,,,,,,,,,,,,,,,,,,,,,,,,,,,,,,,,,,,,,,,,,,,,,,,,,,,,,92.0,197643.0,Suresh Sonowal,INR,1.0,92.0,196674.0,JOY PROKASH KUMBANG,25-Aug-2023 11:18 AM,Accepted-AOC,Awarded,23-Jul-2024 12:15 PM,,,,,,,,,,,,,92.0,197643.0,Suresh Sonowal,1.0,L1,,,,,,,,,
,,,,,,,,,,,,,,,,,,,,,,,,,,,,,,,,,,,,,,,,,,,,,,,,,,,,,,,,,,,,,,,,,,,,,,,,,,,,,,,,,,,,,,,,,,,,,,,,,,,,,,,,,,,,,,,,,,,,,,,,,,,,,,93.0,197656.0,HEMCHANDRA BORUAH,INR,1.0,93.0,197777.0,Jugal Kumbang,02-Sep-2023 05:32 PM,Accepted-AOC,Awarded,23-Jul-2024 12:15 PM,,,,,,,,,,,,,93.0,197656.0,HEMCHANDRA BORUAH,1.0,L1,,,,,,,,,
,,,,,,,,,,,,,,,,,,,,,,,,,,,,,,,,,,,,,,,,,,,,,,,,,,,,,,,,,,,,,,,,,,,,,,,,,,,,,,,,,,,,,,,,,,,,,,,,,,,,,,,,,,,,,,,,,,,,,,,,,,,,,,94.0,197659.0,SRI PUTUL GOSWAMI,INR,1.0,94.0,201443.0,JUNTI RAIDINGIA,15-Sep-2023 12:07 PM,Accepted-AOC,Awarded,23-Jul-2024 12:15 PM,,,,,,,,,,,,,94.0,197659.0,SRI PUTUL GOSWAMI,1.0,L1,,,,,,,,,
,,,,,,,,,,,,,,,,,,,,,,,,,,,,,,,,,,,,,,,,,,,,,,,,,,,,,,,,,,,,,,,,,,,,,,,,,,,,,,,,,,,,,,,,,,,,,,,,,,,,,,,,,,,,,,,,,,,,,,,,,,,,,,95.0,197665.0,Hari Chandra Mili,INR,1.0,95.0,198595.0,Kalendra Basumatary,06-Sep-2023 02:34 PM,Accepted-AOC,Awarded,23-Jul-2024 12:15 PM,,,,,,,,,,,,,95.0,197665.0,Hari Chandra Mili,1.0,L1,,,,,,,,,
,,,,,,,,,,,,,,,,,,,,,,,,,,,,,,,,,,,,,,,,,,,,,,,,,,,,,,,,,,,,,,,,,,,,,,,,,,,,,,,,,,,,,,,,,,,,,,,,,,,,,,,,,,,,,,,,,,,,,,,,,,,,,,96.0,197671.0,Papan Gogoi,INR,1.0,96.0,197717.0,KARTIK BORSAIKIA,02-Sep-2023 12:49 PM,Accepted-AOC,Awarded,23-Jul-2024 12:15 PM,,,,,,,,,,,,,96.0,197671.0,Papan Gogoi,1.0,L1,,,,,,,,,
,,,,,,,,,,,,,,,,,,,,,,,,,,,,,,,,,,,,,,,,,,,,,,,,,,,,,,,,,,,,,,,,,,,,,,,,,,,,,,,,,,,,,,,,,,,,,,,,,,,,,,,,,,,,,,,,,,,,,,,,,,,,,,97.0,197676.0,ROHIT DOLEY,INR,1.0,97.0,201031.0,KESHAB TAW,14-Sep-2023 04:38 PM,Accepted-AOC,Awarded,23-Jul-2024 12:15 PM,,,,,,,,,,,,,97.0,197676.0,ROHIT DOLEY,1.0,L1,,,,,,,,,
,,,,,,,,,,,,,,,,,,,,,,,,,,,,,,,,,,,,,,,,,,,,,,,,,,,,,,,,,,,,,,,,,,,,,,,,,,,,,,,,,,,,,,,,,,,,,,,,,,,,,,,,,,,,,,,,,,,,,,,,,,,,,,98.0,197717.0,KARTIK BORSAIKIA,INR,1.0,98.0,197210.0,KHAGEN HAZARIKA,29-Aug-2023 12:15 PM,Accepted-AOC,Awarded,23-Jul-2024 12:15 PM,,,,,,,,,,,,,98.0,197717.0,KARTIK BORSAIKIA,1.0,L1,,,,,,,,,
,,,,,,,,,,,,,,,,,,,,,,,,,,,,,,,,,,,,,,,,,,,,,,,,,,,,,,,,,,,,,,,,,,,,,,,,,,,,,,,,,,,,,,,,,,,,,,,,,,,,,,,,,,,,,,,,,,,,,,,,,,,,,,99.0,197728.0,PANKAJ CHUTIA,INR,1.0,99.0,198635.0,Khagen Konch,06-Sep-2023 03:21 PM,Accepted-AOC,Awarded,23-Jul-2024 12:15 PM,,,,,,,,,,,,,99.0,197728.0,PANKAJ CHUTIA,1.0,L1,,,,,,,,,
,,,,,,,,,,,,,,,,,,,,,,,,,,,,,,,,,,,,,,,,,,,,,,,,,,,,,,,,,,,,,,,,,,,,,,,,,,,,,,,,,,,,,,,,,,,,,,,,,,,,,,,,,,,,,,,,,,,,,,,,,,,,,,100.0,197733.0,Ganesh Mili,INR,1.0,100.0,198604.0,Khagen Mili,06-Sep-2023 02:40 PM,Accepted-AOC,Awarded,23-Jul-2024 12:15 PM,,,,,,,,,,,,,100.0,197733.0,Ganesh Mili,1.0,L1,,,,,,,,,
,,,,,,,,,,,,,,,,,,,,,,,,,,,,,,,,,,,,,,,,,,,,,,,,,,,,,,,,,,,,,,,,,,,,,,,,,,,,,,,,,,,,,,,,,,,,,,,,,,,,,,,,,,,,,,,,,,,,,,,,,,,,,,101.0,197738.0,INDRAJIT BORUAH,INR,1.0,101.0,196394.0,KHEMRAJ LAGACHU,22-Aug-2023 04:45 PM,Accepted-AOC,Awarded,23-Jul-2024 12:15 PM,,,,,,,,,,,,,101.0,197738.0,INDRAJIT BORUAH,1.0,L1,,,,,,,,,
,,,,,,,,,,,,,,,,,,,,,,,,,,,,,,,,,,,,,,,,,,,,,,,,,,,,,,,,,,,,,,,,,,,,,,,,,,,,,,,,,,,,,,,,,,,,,,,,,,,,,,,,,,,,,,,,,,,,,,,,,,,,,,102.0,197747.0,Power Tools and Engineering,INR,1.0,102.0,196353.0,KOKO KULI,22-Aug-2023 01:35 PM,Accepted-AOC,Awarded,23-Jul-2024 12:15 PM,,,,,,,,,,,,,102.0,197747.0,Power Tools and Engineering,1.0,L1,,,,,,,,,
,,,,,,,,,,,,,,,,,,,,,,,,,,,,,,,,,,,,,,,,,,,,,,,,,,,,,,,,,,,,,,,,,,,,,,,,,,,,,,,,,,,,,,,,,,,,,,,,,,,,,,,,,,,,,,,,,,,,,,,,,,,,,,103.0,197767.0,Jagadish Mili,INR,1.0,103.0,197227.0,KRIPONATH BORI,29-Aug-2023 12:47 PM,Accepted-AOC,Awarded,23-Jul-2024 12:15 PM,,,,,,,,,,,,,103.0,197767.0,Jagadish Mili,1.0,L1,,,,,,,,,
,,,,,,,,,,,,,,,,,,,,,,,,,,,,,,,,,,,,,,,,,,,,,,,,,,,,,,,,,,,,,,,,,,,,,,,,,,,,,,,,,,,,,,,,,,,,,,,,,,,,,,,,,,,,,,,,,,,,,,,,,,,,,,104.0,197777.0,Jugal Kumbang,INR,1.0,104.0,197780.0,KRISHNA ENGINEERINGS,02-Sep-2023 06:02 PM,Accepted-AOC,Awarded,23-Jul-2024 12:15 PM,,,,,,,,,,,,,104.0,197777.0,Jugal Kumbang,1.0,L1,,,,,,,,,
,,,,,,,,,,,,,,,,,,,,,,,,,,,,,,,,,,,,,,,,,,,,,,,,,,,,,,,,,,,,,,,,,,,,,,,,,,,,,,,,,,,,,,,,,,,,,,,,,,,,,,,,,,,,,,,,,,,,,,,,,,,,,,105.0,197780.0,KRISHNA ENGINEERINGS,INR,1.0,105.0,198507.0,Kubid Gogoi,06-Sep-2023 01:18 PM,Accepted-AOC,Awarded,23-Jul-2024 12:15 PM,,,,,,,,,,,,,105.0,197780.0,KRISHNA ENGINEERINGS,1.0,L1,,,,,,,,,
,,,,,,,,,,,,,,,,,,,,,,,,,,,,,,,,,,,,,,,,,,,,,,,,,,,,,,,,,,,,,,,,,,,,,,,,,,,,,,,,,,,,,,,,,,,,,,,,,,,,,,,,,,,,,,,,,,,,,,,,,,,,,,106.0,197820.0,Dulu Chutia,INR,1.0,106.0,197381.0,KULA PRASAD GOHAIN,30-Aug-2023 01:04 PM,Accepted-AOC,Awarded,23-Jul-2024 12:15 PM,,,,,,,,,,,,,106.0,197820.0,Dulu Chutia,1.0,L1,,,,,,,,,
,,,,,,,,,,,,,,,,,,,,,,,,,,,,,,,,,,,,,,,,,,,,,,,,,,,,,,,,,,,,,,,,,,,,,,,,,,,,,,,,,,,,,,,,,,,,,,,,,,,,,,,,,,,,,,,,,,,,,,,,,,,,,,107.0,197822.0,Bikash Saikia,INR,1.0,107.0,199591.0,Kulesh Baruah,07-Sep-2023 03:21 PM,Accepted-AOC,Awarded,23-Jul-2024 12:15 PM,,,,,,,,,,,,,107.0,197822.0,Bikash Saikia,1.0,L1,,,,,,,,,
,,,,,,,,,,,,,,,,,,,,,,,,,,,,,,,,,,,,,,,,,,,,,,,,,,,,,,,,,,,,,,,,,,,,,,,,,,,,,,,,,,,,,,,,,,,,,,,,,,,,,,,,,,,,,,,,,,,,,,,,,,,,,,108.0,197824.0,Robin Saikia,INR,1.0,108.0,197040.0,Kumal Pegu,28-Aug-2023 11:56 AM,Accepted-AOC,Awarded,23-Jul-2024 12:15 PM,,,,,,,,,,,,,108.0,197824.0,Robin Saikia,1.0,L1,,,,,,,,,
,,,,,,,,,,,,,,,,,,,,,,,,,,,,,,,,,,,,,,,,,,,,,,,,,,,,,,,,,,,,,,,,,,,,,,,,,,,,,,,,,,,,,,,,,,,,,,,,,,,,,,,,,,,,,,,,,,,,,,,,,,,,,,109.0,197826.0,Bipul Gogoi,INR,1.0,109.0,197088.0,Laken Basumatary,28-Aug-2023 02:23 PM,Accepted-AOC,Awarded,23-Jul-2024 12:15 PM,,,,,,,,,,,,,109.0,197826.0,Bipul Gogoi,1.0,L1,,,,,,,,,
,,,,,,,,,,,,,,,,,,,,,,,,,,,,,,,,,,,,,,,,,,,,,,,,,,,,,,,,,,,,,,,,,,,,,,,,,,,,,,,,,,,,,,,,,,,,,,,,,,,,,,,,,,,,,,,,,,,,,,,,,,,,,,110.0,197874.0,Durgeswar Mili,INR,1.0,110.0,197145.0,LAKHI NANDAN SAIKIA,28-Aug-2023 05:56 PM,Accepted-AOC,Awarded,23-Jul-2024 12:15 PM,,,,,,,,,,,,,110.0,197874.0,Durgeswar Mili,1.0,L1,,,,,,,,,
,,,,,,,,,,,,,,,,,,,,,,,,,,,,,,,,,,,,,,,,,,,,,,,,,,,,,,,,,,,,,,,,,,,,,,,,,,,,,,,,,,,,,,,,,,,,,,,,,,,,,,,,,,,,,,,,,,,,,,,,,,,,,,111.0,197885.0,SURAJIT HANDIQUE,INR,1.0,111.0,197111.0,Lakhi Prova Bori,28-Aug-2023 03:42 PM,Accepted-AOC,Awarded,23-Jul-2024 12:15 PM,,,,,,,,,,,,,111.0,197885.0,SURAJIT HANDIQUE,1.0,L1,,,,,,,,,
,,,,,,,,,,,,,,,,,,,,,,,,,,,,,,,,,,,,,,,,,,,,,,,,,,,,,,,,,,,,,,,,,,,,,,,,,,,,,,,,,,,,,,,,,,,,,,,,,,,,,,,,,,,,,,,,,,,,,,,,,,,,,,112.0,197893.0,CHENIRAM HANDIQUE,INR,1.0,112.0,199197.0,LALIT PEGU,07-Sep-2023 11:35 AM,Accepted-AOC,Awarded,23-Jul-2024 12:15 PM,,,,,,,,,,,,,112.0,197893.0,CHENIRAM HANDIQUE,1.0,L1,,,,,,,,,
,,,,,,,,,,,,,,,,,,,,,,,,,,,,,,,,,,,,,,,,,,,,,,,,,,,,,,,,,,,,,,,,,,,,,,,,,,,,,,,,,,,,,,,,,,,,,,,,,,,,,,,,,,,,,,,,,,,,,,,,,,,,,,113.0,197911.0,SRI PABITRA SUT,INR,1.0,113.0,196367.0,MAHESH ROY,22-Aug-2023 02:27 PM,Accepted-AOC,Awarded,23-Jul-2024 12:15 PM,,,,,,,,,,,,,113.0,197911.0,SRI PABITRA SUT,1.0,L1,,,,,,,,,
,,,,,,,,,,,,,,,,,,,,,,,,,,,,,,,,,,,,,,,,,,,,,,,,,,,,,,,,,,,,,,,,,,,,,,,,,,,,,,,,,,,,,,,,,,,,,,,,,,,,,,,,,,,,,,,,,,,,,,,,,,,,,,114.0,197926.0,BIMAN MUKHARJEE,INR,1.0,114.0,201390.0,Mamun Ikramul Haque Chowdhury,15-Sep-2023 11:11 AM,Accepted-AOC,Awarded,23-Jul-2024 12:15 PM,,,,,,,,,,,,,114.0,197926.0,BIMAN MUKHARJEE,1.0,L1,,,,,,,,,
,,,,,,,,,,,,,,,,,,,,,,,,,,,,,,,,,,,,,,,,,,,,,,,,,,,,,,,,,,,,,,,,,,,,,,,,,,,,,,,,,,,,,,,,,,,,,,,,,,,,,,,,,,,,,,,,,,,,,,,,,,,,,,115.0,197945.0,DAYA NANDA KACHARI,INR,1.0,115.0,196376.0,MANAKH PRATIM CHUTIA,22-Aug-2023 03:11 PM,Accepted-AOC,Awarded,23-Jul-2024 12:15 PM,,,,,,,,,,,,,115.0,197945.0,DAYA NANDA KACHARI,1.0,L1,,,,,,,,,
,,,,,,,,,,,,,,,,,,,,,,,,,,,,,,,,,,,,,,,,,,,,,,,,,,,,,,,,,,,,,,,,,,,,,,,,,,,,,,,,,,,,,,,,,,,,,,,,,,,,,,,,,,,,,,,,,,,,,,,,,,,,,,116.0,198001.0,Ruhit Kutum,INR,1.0,116.0,197581.0,MANASH JYOTI BORUAH,31-Aug-2023 06:39 PM,Accepted-AOC,Awarded,23-Jul-2024 12:15 PM,,,,,,,,,,,,,116.0,198001.0,Ruhit Kutum,1.0,L1,,,,,,,,,
,,,,,,,,,,,,,,,,,,,,,,,,,,,,,,,,,,,,,,,,,,,,,,,,,,,,,,,,,,,,,,,,,,,,,,,,,,,,,,,,,,,,,,,,,,,,,,,,,,,,,,,,,,,,,,,,,,,,,,,,,,,,,,117.0,198018.0,Ghana Kanta Narah,INR,1.0,117.0,197389.0,MANASH KULI,30-Aug-2023 01:13 PM,Accepted-AOC,Awarded,23-Jul-2024 12:15 PM,,,,,,,,,,,,,117.0,198018.0,Ghana Kanta Narah,1.0,L1,,,,,,,,,
,,,,,,,,,,,,,,,,,,,,,,,,,,,,,,,,,,,,,,,,,,,,,,,,,,,,,,,,,,,,,,,,,,,,,,,,,,,,,,,,,,,,,,,,,,,,,,,,,,,,,,,,,,,,,,,,,,,,,,,,,,,,,,118.0,198024.0,PRANJAL CHUTIA,INR,1.0,118.0,198611.0,MANOJ BASUMATARY,06-Sep-2023 02:45 PM,Accepted-AOC,Awarded,23-Jul-2024 12:15 PM,,,,,,,,,,,,,118.0,198024.0,PRANJAL CHUTIA,1.0,L1,,,,,,,,,
,,,,,,,,,,,,,,,,,,,,,,,,,,,,,,,,,,,,,,,,,,,,,,,,,,,,,,,,,,,,,,,,,,,,,,,,,,,,,,,,,,,,,,,,,,,,,,,,,,,,,,,,,,,,,,,,,,,,,,,,,,,,,,119.0,198034.0,DILENDRA RAY,INR,1.0,119.0,197574.0,MANOJ GOHAIN,31-Aug-2023 06:19 PM,Accepted-AOC,Awarded,23-Jul-2024 12:15 PM,,,,,,,,,,,,,119.0,198034.0,DILENDRA RAY,1.0,L1,,,,,,,,,
,,,,,,,,,,,,,,,,,,,,,,,,,,,,,,,,,,,,,,,,,,,,,,,,,,,,,,,,,,,,,,,,,,,,,,,,,,,,,,,,,,,,,,,,,,,,,,,,,,,,,,,,,,,,,,,,,,,,,,,,,,,,,,120.0,198043.0,Rahool Bikram Chetia,INR,1.0,120.0,197635.0,MANUJ KUMAR NARAH,01-Sep-2023 12:31 PM,Accepted-AOC,Awarded,23-Jul-2024 12:15 PM,,,,,,,,,,,,,120.0,198043.0,Rahool Bikram Chetia,1.0,L1,,,,,,,,,
,,,,,,,,,,,,,,,,,,,,,,,,,,,,,,,,,,,,,,,,,,,,,,,,,,,,,,,,,,,,,,,,,,,,,,,,,,,,,,,,,,,,,,,,,,,,,,,,,,,,,,,,,,,,,,,,,,,,,,,,,,,,,,121.0,198051.0,PULIN HAZARIKA,INR,1.0,121.0,198539.0,MANUJ SONOWAL,06-Sep-2023 01:56 PM,Accepted-AOC,Awarded,23-Jul-2024 12:15 PM,,,,,,,,,,,,,121.0,198051.0,PULIN HAZARIKA,1.0,L1,,,,,,,,,
,,,,,,,,,,,,,,,,,,,,,,,,,,,,,,,,,,,,,,,,,,,,,,,,,,,,,,,,,,,,,,,,,,,,,,,,,,,,,,,,,,,,,,,,,,,,,,,,,,,,,,,,,,,,,,,,,,,,,,,,,,,,,,122.0,198053.0,RANITA DOLEY DAW,INR,1.0,122.0,196793.0,MILONJYOTI BORUAH,26-Aug-2023 01:56 PM,Accepted-AOC,Awarded,23-Jul-2024 12:15 PM,,,,,,,,,,,,,122.0,198053.0,RANITA DOLEY DAW,1.0,L1,,,,,,,,,
,,,,,,,,,,,,,,,,,,,,,,,,,,,,,,,,,,,,,,,,,,,,,,,,,,,,,,,,,,,,,,,,,,,,,,,,,,,,,,,,,,,,,,,,,,,,,,,,,,,,,,,,,,,,,,,,,,,,,,,,,,,,,,123.0,198063.0,CHITRAMONI BORPATRA GOHAIN,INR,1.0,123.0,198644.0,MITHINGA SWARGIARY,06-Sep-2023 03:35 PM,Accepted-AOC,Awarded,23-Jul-2024 12:15 PM,,,,,,,,,,,,,123.0,198063.0,CHITRAMONI BORPATRA GOHAIN,1.0,L1,,,,,,,,,
,,,,,,,,,,,,,,,,,,,,,,,,,,,,,,,,,,,,,,,,,,,,,,,,,,,,,,,,,,,,,,,,,,,,,,,,,,,,,,,,,,,,,,,,,,,,,,,,,,,,,,,,,,,,,,,,,,,,,,,,,,,,,,124.0,198075.0,Anuj Kumar Medok,INR,1.0,124.0,201020.0,MOMIT RAJKHOWA,14-Sep-2023 04:10 PM,Accepted-AOC,Awarded,23-Jul-2024 12:15 PM,,,,,,,,,,,,,124.0,198075.0,Anuj Kumar Medok,1.0,L1,,,,,,,,,
,,,,,,,,,,,,,,,,,,,,,,,,,,,,,,,,,,,,,,,,,,,,,,,,,,,,,,,,,,,,,,,,,,,,,,,,,,,,,,,,,,,,,,,,,,,,,,,,,,,,,,,,,,,,,,,,,,,,,,,,,,,,,,125.0,198083.0,GHANA KRISHNA BORGOHAIN,INR,1.0,125.0,200397.0,MONTU GOHAIN,11-Sep-2023 08:17 PM,Rejected-AOC,Awarded,23-Jul-2024 12:15 PM,,,,,,,,,,,,,125.0,198083.0,GHANA KRISHNA BORGOHAIN,1.0,L1,,,,,,,,,
,,,,,,,,,,,,,,,,,,,,,,,,,,,,,,,,,,,,,,,,,,,,,,,,,,,,,,,,,,,,,,,,,,,,,,,,,,,,,,,,,,,,,,,,,,,,,,,,,,,,,,,,,,,,,,,,,,,,,,,,,,,,,,126.0,198107.0,BIKASH HAZARIKA,INR,1.0,126.0,196397.0,MONUHAR DOLEY,22-Aug-2023 05:08 PM,Accepted-AOC,Awarded,23-Jul-2024 12:15 PM,,,,,,,,,,,,,126.0,198107.0,BIKASH HAZARIKA,1.0,L1,,,,,,,,,
,,,,,,,,,,,,,,,,,,,,,,,,,,,,,,,,,,,,,,,,,,,,,,,,,,,,,,,,,,,,,,,,,,,,,,,,,,,,,,,,,,,,,,,,,,,,,,,,,,,,,,,,,,,,,,,,,,,,,,,,,,,,,,127.0,198137.0,PRODIP RAJKHOWA,INR,1.0,127.0,200840.0,MRIDUL DUTTA,14-Sep-2023 09:34 AM,Accepted-AOC,Awarded,23-Jul-2024 12:15 PM,,,,,,,,,,,,,127.0,198137.0,PRODIP RAJKHOWA,1.0,L1,,,,,,,,,
,,,,,,,,,,,,,,,,,,,,,,,,,,,,,,,,,,,,,,,,,,,,,,,,,,,,,,,,,,,,,,,,,,,,,,,,,,,,,,,,,,,,,,,,,,,,,,,,,,,,,,,,,,,,,,,,,,,,,,,,,,,,,,128.0,198165.0,Bijoy Krishna Doley,INR,1.0,128.0,196286.0,MRIDUL DUTTA,21-Aug-2023 06:13 PM,Accepted-AOC,Awarded,23-Jul-2024 12:15 PM,,,,,,,,,,,,,128.0,198165.0,Bijoy Krishna Doley,1.0,L1,,,,,,,,,
,,,,,,,,,,,,,,,,,,,,,,,,,,,,,,,,,,,,,,,,,,,,,,,,,,,,,,,,,,,,,,,,,,,,,,,,,,,,,,,,,,,,,,,,,,,,,,,,,,,,,,,,,,,,,,,,,,,,,,,,,,,,,,129.0,198170.0,SRI DILIP KACHARI,INR,1.0,129.0,201615.0,MR. LAKHI PRASAD GOGOI,15-Sep-2023 02:12 PM,Accepted-AOC,Awarded,23-Jul-2024 12:15 PM,,,,,,,,,,,,,129.0,198170.0,SRI DILIP KACHARI,1.0,L1,,,,,,,,,
,,,,,,,,,,,,,,,,,,,,,,,,,,,,,,,,,,,,,,,,,,,,,,,,,,,,,,,,,,,,,,,,,,,,,,,,,,,,,,,,,,,,,,,,,,,,,,,,,,,,,,,,,,,,,,,,,,,,,,,,,,,,,,130.0,198210.0,SRI BASANTA SAIKIA,INR,1.0,130.0,200472.0,MR. NABIN CHANDRA BORUAH,12-Sep-2023 01:04 PM,Accepted-AOC,Awarded,23-Jul-2024 12:15 PM,,,,,,,,,,,,,130.0,198210.0,SRI BASANTA SAIKIA,1.0,L1,,,,,,,,,
,,,,,,,,,,,,,,,,,,,,,,,,,,,,,,,,,,,,,,,,,,,,,,,,,,,,,,,,,,,,,,,,,,,,,,,,,,,,,,,,,,,,,,,,,,,,,,,,,,,,,,,,,,,,,,,,,,,,,,,,,,,,,,131.0,198221.0,BINIT KR. GOGOI,INR,1.0,131.0,197425.0,Mr. Upen Nath Bagiri,30-Aug-2023 04:45 PM,Accepted-AOC,Awarded,23-Jul-2024 12:15 PM,,,,,,,,,,,,,131.0,198221.0,BINIT KR. GOGOI,1.0,L1,,,,,,,,,
,,,,,,,,,,,,,,,,,,,,,,,,,,,,,,,,,,,,,,,,,,,,,,,,,,,,,,,,,,,,,,,,,,,,,,,,,,,,,,,,,,,,,,,,,,,,,,,,,,,,,,,,,,,,,,,,,,,,,,,,,,,,,,132.0,198228.0,Pranjyoti Doley,INR,1.0,132.0,201570.0,MS S AND P COMMUNICATION,15-Sep-2023 01:28 PM,Accepted-AOC,Awarded,23-Jul-2024 12:15 PM,,,,,,,,,,,,,132.0,198228.0,Pranjyoti Doley,1.0,L1,,,,,,,,,
,,,,,,,,,,,,,,,,,,,,,,,,,,,,,,,,,,,,,,,,,,,,,,,,,,,,,,,,,,,,,,,,,,,,,,,,,,,,,,,,,,,,,,,,,,,,,,,,,,,,,,,,,,,,,,,,,,,,,,,,,,,,,,133.0,198234.0,BARSHA GOGOI,INR,1.0,133.0,198482.0,M/s S.B. Engineering,06-Sep-2023 01:02 PM,Accepted-AOC,Awarded,23-Jul-2024 12:15 PM,,,,,,,,,,,,,133.0,198234.0,BARSHA GOGOI,1.0,L1,,,,,,,,,
,,,,,,,,,,,,,,,,,,,,,,,,,,,,,,,,,,,,,,,,,,,,,,,,,,,,,,,,,,,,,,,,,,,,,,,,,,,,,,,,,,,,,,,,,,,,,,,,,,,,,,,,,,,,,,,,,,,,,,,,,,,,,,134.0,198256.0,PRASANTA KUMAR SINGH,INR,1.0,134.0,201469.0,M/S Swaska Construction PVT. LTD.,15-Sep-2023 12:31 PM,Accepted-AOC,Awarded,23-Jul-2024 12:15 PM,,,,,,,,,,,,,134.0,198256.0,PRASANTA KUMAR SINGH,1.0,L1,,,,,,,,,
,,,,,,,,,,,,,,,,,,,,,,,,,,,,,,,,,,,,,,,,,,,,,,,,,,,,,,,,,,,,,,,,,,,,,,,,,,,,,,,,,,,,,,,,,,,,,,,,,,,,,,,,,,,,,,,,,,,,,,,,,,,,,,135.0,198260.0,DIPAK BORUAH,INR,1.0,135.0,197555.0,MUKESH MILI,31-Aug-2023 03:53 PM,Accepted-AOC,Awarded,23-Jul-2024 12:15 PM,,,,,,,,,,,,,135.0,198260.0,DIPAK BORUAH,1.0,L1,,,,,,,,,
,,,,,,,,,,,,,,,,,,,,,,,,,,,,,,,,,,,,,,,,,,,,,,,,,,,,,,,,,,,,,,,,,,,,,,,,,,,,,,,,,,,,,,,,,,,,,,,,,,,,,,,,,,,,,,,,,,,,,,,,,,,,,,136.0,198339.0,NIRAN DOLEY,INR,1.0,136.0,198723.0,MUNIN GOGOI,06-Sep-2023 05:15 PM,Accepted-AOC,Awarded,23-Jul-2024 12:15 PM,,,,,,,,,,,,,136.0,198339.0,NIRAN DOLEY,1.0,L1,,,,,,,,,
,,,,,,,,,,,,,,,,,,,,,,,,,,,,,,,,,,,,,,,,,,,,,,,,,,,,,,,,,,,,,,,,,,,,,,,,,,,,,,,,,,,,,,,,,,,,,,,,,,,,,,,,,,,,,,,,,,,,,,,,,,,,,,137.0,198341.0,DILIP PATIR,INR,1.0,137.0,201551.0,Nabajyoti Sonowal,15-Sep-2023 01:16 PM,Accepted-AOC,Awarded,23-Jul-2024 12:15 PM,,,,,,,,,,,,,137.0,198341.0,DILIP PATIR,1.0,L1,,,,,,,,,
,,,,,,,,,,,,,,,,,,,,,,,,,,,,,,,,,,,,,,,,,,,,,,,,,,,,,,,,,,,,,,,,,,,,,,,,,,,,,,,,,,,,,,,,,,,,,,,,,,,,,,,,,,,,,,,,,,,,,,,,,,,,,,138.0,198384.0,RAJ KUMAR JIMEY,INR,1.0,138.0,197434.0,NAGENDRA BAGIRI,30-Aug-2023 04:56 PM,Accepted-AOC,Awarded,23-Jul-2024 12:15 PM,,,,,,,,,,,,,138.0,198384.0,RAJ KUMAR JIMEY,1.0,L1,,,,,,,,,
,,,,,,,,,,,,,,,,,,,,,,,,,,,,,,,,,,,,,,,,,,,,,,,,,,,,,,,,,,,,,,,,,,,,,,,,,,,,,,,,,,,,,,,,,,,,,,,,,,,,,,,,,,,,,,,,,,,,,,,,,,,,,,139.0,198395.0,Prandip Bhuyan,INR,1.0,139.0,197324.0,NAREN KONWAR,29-Aug-2023 10:24 PM,Accepted-AOC,Awarded,23-Jul-2024 12:15 PM,,,,,,,,,,,,,139.0,198395.0,Prandip Bhuyan,1.0,L1,,,,,,,,,
,,,,,,,,,,,,,,,,,,,,,,,,,,,,,,,,,,,,,,,,,,,,,,,,,,,,,,,,,,,,,,,,,,,,,,,,,,,,,,,,,,,,,,,,,,,,,,,,,,,,,,,,,,,,,,,,,,,,,,,,,,,,,,140.0,198412.0,ALEXENDER PEGU,INR,1.0,140.0,198691.0,NAVA JYOTI CHETIA,06-Sep-2023 04:29 PM,Accepted-AOC,Awarded,23-Jul-2024 12:15 PM,,,,,,,,,,,,,140.0,198412.0,ALEXENDER PEGU,1.0,L1,,,,,,,,,
,,,,,,,,,,,,,,,,,,,,,,,,,,,,,,,,,,,,,,,,,,,,,,,,,,,,,,,,,,,,,,,,,,,,,,,,,,,,,,,,,,,,,,,,,,,,,,,,,,,,,,,,,,,,,,,,,,,,,,,,,,,,,,141.0,198428.0,SUBRATA BHOWMICK,INR,1.0,141.0,198875.0,Nirab Gogoi,06-Sep-2023 09:40 PM,Accepted-AOC,Awarded,23-Jul-2024 12:15 PM,,,,,,,,,,,,,141.0,198428.0,SUBRATA BHOWMICK,1.0,L1,,,,,,,,,
,,,,,,,,,,,,,,,,,,,,,,,,,,,,,,,,,,,,,,,,,,,,,,,,,,,,,,,,,,,,,,,,,,,,,,,,,,,,,,,,,,,,,,,,,,,,,,,,,,,,,,,,,,,,,,,,,,,,,,,,,,,,,,142.0,198450.0,Deba Pratim Deori,INR,1.0,142.0,196495.0,NIRADA BURAGOHAIN,23-Aug-2023 04:56 PM,Accepted-AOC,Awarded,23-Jul-2024 12:15 PM,,,,,,,,,,,,,142.0,198450.0,Deba Pratim Deori,1.0,L1,,,,,,,,,
,,,,,,,,,,,,,,,,,,,,,,,,,,,,,,,,,,,,,,,,,,,,,,,,,,,,,,,,,,,,,,,,,,,,,,,,,,,,,,,,,,,,,,,,,,,,,,,,,,,,,,,,,,,,,,,,,,,,,,,,,,,,,,143.0,198468.0,Bivuti Bhuyan,INR,1.0,143.0,198339.0,NIRAN DOLEY,06-Sep-2023 09:11 AM,Accepted-AOC,Awarded,23-Jul-2024 12:15 PM,,,,,,,,,,,,,143.0,198468.0,Bivuti Bhuyan,1.0,L1,,,,,,,,,
,,,,,,,,,,,,,,,,,,,,,,,,,,,,,,,,,,,,,,,,,,,,,,,,,,,,,,,,,,,,,,,,,,,,,,,,,,,,,,,,,,,,,,,,,,,,,,,,,,,,,,,,,,,,,,,,,,,,,,,,,,,,,,144.0,198476.0,TRILUCHAN CHETIA,INR,1.0,144.0,201466.0,Nirmal Kumbang,15-Sep-2023 12:31 PM,Accepted-AOC,Awarded,23-Jul-2024 12:15 PM,,,,,,,,,,,,,144.0,198476.0,TRILUCHAN CHETIA,1.0,L1,,,,,,,,,
,,,,,,,,,,,,,,,,,,,,,,,,,,,,,,,,,,,,,,,,,,,,,,,,,,,,,,,,,,,,,,,,,,,,,,,,,,,,,,,,,,,,,,,,,,,,,,,,,,,,,,,,,,,,,,,,,,,,,,,,,,,,,,145.0,198481.0,Joydeep Borgohain,INR,1.0,145.0,201088.0,Nitul Hazarika,14-Sep-2023 06:44 PM,Accepted-AOC,Awarded,23-Jul-2024 12:15 PM,,,,,,,,,,,,,145.0,198481.0,Joydeep Borgohain,1.0,L1,,,,,,,,,
,,,,,,,,,,,,,,,,,,,,,,,,,,,,,,,,,,,,,,,,,,,,,,,,,,,,,,,,,,,,,,,,,,,,,,,,,,,,,,,,,,,,,,,,,,,,,,,,,,,,,,,,,,,,,,,,,,,,,,,,,,,,,,146.0,198482.0,M/s S.B. Engineering,INR,1.0,146.0,199207.0,PABITRA KUMAR BORUAH,07-Sep-2023 11:46 AM,Accepted-AOC,Awarded,23-Jul-2024 12:15 PM,,,,,,,,,,,,,146.0,198482.0,M/s S.B. Engineering,1.0,L1,,,,,,,,,
,,,,,,,,,,,,,,,,,,,,,,,,,,,,,,,,,,,,,,,,,,,,,,,,,,,,,,,,,,,,,,,,,,,,,,,,,,,,,,,,,,,,,,,,,,,,,,,,,,,,,,,,,,,,,,,,,,,,,,,,,,,,,,147.0,198507.0,Kubid Gogoi,INR,1.0,147.0,197404.0,PABITRA PEGU,30-Aug-2023 02:54 PM,Accepted-AOC,Awarded,23-Jul-2024 12:15 PM,,,,,,,,,,,,,147.0,198507.0,Kubid Gogoi,1.0,L1,,,,,,,,,
,,,,,,,,,,,,,,,,,,,,,,,,,,,,,,,,,,,,,,,,,,,,,,,,,,,,,,,,,,,,,,,,,,,,,,,,,,,,,,,,,,,,,,,,,,,,,,,,,,,,,,,,,,,,,,,,,,,,,,,,,,,,,,148.0,198523.0,Arunmoni Phukan,INR,1.0,148.0,196343.0,PABITRA PEGU,22-Aug-2023 12:58 PM,Accepted-AOC,Awarded,23-Jul-2024 12:15 PM,,,,,,,,,,,,,148.0,198523.0,Arunmoni Phukan,1.0,L1,,,,,,,,,
,,,,,,,,,,,,,,,,,,,,,,,,,,,,,,,,,,,,,,,,,,,,,,,,,,,,,,,,,,,,,,,,,,,,,,,,,,,,,,,,,,,,,,,,,,,,,,,,,,,,,,,,,,,,,,,,,,,,,,,,,,,,,,149.0,198536.0,DWIBAN KUMAR BARO,INR,1.0,149.0,199512.0,PADA KUMAR MILI,07-Sep-2023 02:46 PM,Accepted-AOC,Awarded,23-Jul-2024 12:15 PM,,,,,,,,,,,,,149.0,198536.0,DWIBAN KUMAR BARO,1.0,L1,,,,,,,,,
,,,,,,,,,,,,,,,,,,,,,,,,,,,,,,,,,,,,,,,,,,,,,,,,,,,,,,,,,,,,,,,,,,,,,,,,,,,,,,,,,,,,,,,,,,,,,,,,,,,,,,,,,,,,,,,,,,,,,,,,,,,,,,150.0,198539.0,MANUJ SONOWAL,INR,1.0,150.0,201571.0,Palash Gogoi,15-Sep-2023 01:30 PM,Accepted-AOC,Awarded,23-Jul-2024 12:15 PM,,,,,,,,,,,,,150.0,198539.0,MANUJ SONOWAL,1.0,L1,,,,,,,,,
,,,,,,,,,,,,,,,,,,,,,,,,,,,,,,,,,,,,,,,,,,,,,,,,,,,,,,,,,,,,,,,,,,,,,,,,,,,,,,,,,,,,,,,,,,,,,,,,,,,,,,,,,,,,,,,,,,,,,,,,,,,,,,151.0,198565.0,Rindaw Goyary,INR,1.0,151.0,197728.0,PANKAJ CHUTIA,02-Sep-2023 01:51 PM,Accepted-AOC,Awarded,23-Jul-2024 12:15 PM,,,,,,,,,,,,,151.0,198565.0,Rindaw Goyary,1.0,L1,,,,,,,,,
,,,,,,,,,,,,,,,,,,,,,,,,,,,,,,,,,,,,,,,,,,,,,,,,,,,,,,,,,,,,,,,,,,,,,,,,,,,,,,,,,,,,,,,,,,,,,,,,,,,,,,,,,,,,,,,,,,,,,,,,,,,,,,152.0,198581.0,Bipul Basumatary,INR,1.0,152.0,197671.0,Papan Gogoi,01-Sep-2023 04:19 PM,Accepted-AOC,Awarded,23-Jul-2024 12:15 PM,,,,,,,,,,,,,152.0,198581.0,Bipul Basumatary,1.0,L1,,,,,,,,,
,,,,,,,,,,,,,,,,,,,,,,,,,,,,,,,,,,,,,,,,,,,,,,,,,,,,,,,,,,,,,,,,,,,,,,,,,,,,,,,,,,,,,,,,,,,,,,,,,,,,,,,,,,,,,,,,,,,,,,,,,,,,,,153.0,198586.0,T J Biswajit Mahengia,INR,1.0,153.0,196726.0,PAPU GOGOI,25-Aug-2023 02:49 PM,Accepted-AOC,Awarded,23-Jul-2024 12:15 PM,,,,,,,,,,,,,153.0,198586.0,T J Biswajit Mahengia,1.0,L1,,,,,,,,,
,,,,,,,,,,,,,,,,,,,,,,,,,,,,,,,,,,,,,,,,,,,,,,,,,,,,,,,,,,,,,,,,,,,,,,,,,,,,,,,,,,,,,,,,,,,,,,,,,,,,,,,,,,,,,,,,,,,,,,,,,,,,,,154.0,198592.0,RITUPARNA DEVI CHUTIA,INR,1.0,154.0,197087.0,Paresh Doley,28-Aug-2023 02:19 PM,Accepted-AOC,Awarded,23-Jul-2024 12:15 PM,,,,,,,,,,,,,154.0,198592.0,RITUPARNA DEVI CHUTIA,1.0,L1,,,,,,,,,
,,,,,,,,,,,,,,,,,,,,,,,,,,,,,,,,,,,,,,,,,,,,,,,,,,,,,,,,,,,,,,,,,,,,,,,,,,,,,,,,,,,,,,,,,,,,,,,,,,,,,,,,,,,,,,,,,,,,,,,,,,,,,,155.0,198594.0,DEBA PRATIM CHUTIA,INR,1.0,155.0,198734.0,PARIKHIT SONOWAL,06-Sep-2023 05:41 PM,Accepted-AOC,Awarded,23-Jul-2024 12:15 PM,,,,,,,,,,,,,155.0,198594.0,DEBA PRATIM CHUTIA,1.0,L1,,,,,,,,,
,,,,,,,,,,,,,,,,,,,,,,,,,,,,,,,,,,,,,,,,,,,,,,,,,,,,,,,,,,,,,,,,,,,,,,,,,,,,,,,,,,,,,,,,,,,,,,,,,,,,,,,,,,,,,,,,,,,,,,,,,,,,,,156.0,198595.0,Kalendra Basumatary,INR,1.0,156.0,199194.0,PARUL CHANGMAI,07-Sep-2023 11:35 AM,Accepted-AOC,Awarded,23-Jul-2024 12:15 PM,,,,,,,,,,,,,156.0,198595.0,Kalendra Basumatary,1.0,L1,,,,,,,,,
,,,,,,,,,,,,,,,,,,,,,,,,,,,,,,,,,,,,,,,,,,,,,,,,,,,,,,,,,,,,,,,,,,,,,,,,,,,,,,,,,,,,,,,,,,,,,,,,,,,,,,,,,,,,,,,,,,,,,,,,,,,,,,157.0,198604.0,Khagen Mili,INR,1.0,157.0,201285.0,PAWAN KUMAR SINGH,15-Sep-2023 08:41 AM,Accepted-AOC,Awarded,23-Jul-2024 12:15 PM,,,,,,,,,,,,,157.0,198604.0,Khagen Mili,1.0,L1,,,,,,,,,
,,,,,,,,,,,,,,,,,,,,,,,,,,,,,,,,,,,,,,,,,,,,,,,,,,,,,,,,,,,,,,,,,,,,,,,,,,,,,,,,,,,,,,,,,,,,,,,,,,,,,,,,,,,,,,,,,,,,,,,,,,,,,,158.0,198611.0,MANOJ BASUMATARY,INR,1.0,158.0,197747.0,Power Tools and Engineering,02-Sep-2023 04:07 PM,Accepted-AOC,Awarded,23-Jul-2024 12:15 PM,,,,,,,,,,,,,158.0,198611.0,MANOJ BASUMATARY,1.0,L1,,,,,,,,,
,,,,,,,,,,,,,,,,,,,,,,,,,,,,,,,,,,,,,,,,,,,,,,,,,,,,,,,,,,,,,,,,,,,,,,,,,,,,,,,,,,,,,,,,,,,,,,,,,,,,,,,,,,,,,,,,,,,,,,,,,,,,,,159.0,198615.0,Shri Debajyoti Das,INR,1.0,159.0,201242.0,PRABHASH KUMAR SINGH,15-Sep-2023 01:37 AM,Accepted-AOC,Awarded,23-Jul-2024 12:15 PM,,,,,,,,,,,,,159.0,198615.0,Shri Debajyoti Das,1.0,L1,,,,,,,,,
,,,,,,,,,,,,,,,,,,,,,,,,,,,,,,,,,,,,,,,,,,,,,,,,,,,,,,,,,,,,,,,,,,,,,,,,,,,,,,,,,,,,,,,,,,,,,,,,,,,,,,,,,,,,,,,,,,,,,,,,,,,,,,160.0,198630.0,Sri Satya Changmai,INR,1.0,160.0,201656.0,PRABIN GOGOI,15-Sep-2023 03:06 PM,Accepted-AOC,Awarded,23-Jul-2024 12:15 PM,,,,,,,,,,,,,160.0,198630.0,Sri Satya Changmai,1.0,L1,,,,,,,,,
,,,,,,,,,,,,,,,,,,,,,,,,,,,,,,,,,,,,,,,,,,,,,,,,,,,,,,,,,,,,,,,,,,,,,,,,,,,,,,,,,,,,,,,,,,,,,,,,,,,,,,,,,,,,,,,,,,,,,,,,,,,,,,161.0,198632.0,SIBCHARAN SWARGIARY,INR,1.0,161.0,196691.0,PRADIP CHANGMAI,25-Aug-2023 12:08 PM,Accepted-AOC,Awarded,23-Jul-2024 12:15 PM,,,,,,,,,,,,,161.0,198632.0,SIBCHARAN SWARGIARY,1.0,L1,,,,,,,,,
,,,,,,,,,,,,,,,,,,,,,,,,,,,,,,,,,,,,,,,,,,,,,,,,,,,,,,,,,,,,,,,,,,,,,,,,,,,,,,,,,,,,,,,,,,,,,,,,,,,,,,,,,,,,,,,,,,,,,,,,,,,,,,162.0,198635.0,Khagen Konch,INR,1.0,162.0,200779.0,PRADIP DEKA,13-Sep-2023 07:32 PM,Accepted-AOC,Awarded,23-Jul-2024 12:15 PM,,,,,,,,,,,,,162.0,198635.0,Khagen Konch,1.0,L1,,,,,,,,,
,,,,,,,,,,,,,,,,,,,,,,,,,,,,,,,,,,,,,,,,,,,,,,,,,,,,,,,,,,,,,,,,,,,,,,,,,,,,,,,,,,,,,,,,,,,,,,,,,,,,,,,,,,,,,,,,,,,,,,,,,,,,,,163.0,198644.0,MITHINGA SWARGIARY,INR,1.0,163.0,196341.0,PRADIP NARAH,22-Aug-2023 12:42 PM,Accepted-AOC,Awarded,23-Jul-2024 12:15 PM,,,,,,,,,,,,,163.0,198644.0,MITHINGA SWARGIARY,1.0,L1,,,,,,,,,
,,,,,,,,,,,,,,,,,,,,,,,,,,,,,,,,,,,,,,,,,,,,,,,,,,,,,,,,,,,,,,,,,,,,,,,,,,,,,,,,,,,,,,,,,,,,,,,,,,,,,,,,,,,,,,,,,,,,,,,,,,,,,,164.0,198662.0,BIJOY PEGU,INR,1.0,164.0,196270.0,PRAFULLA DOLEY,21-Aug-2023 05:50 PM,Accepted-AOC,Awarded,23-Jul-2024 12:15 PM,,,,,,,,,,,,,164.0,198662.0,BIJOY PEGU,1.0,L1,,,,,,,,,
,,,,,,,,,,,,,,,,,,,,,,,,,,,,,,,,,,,,,,,,,,,,,,,,,,,,,,,,,,,,,,,,,,,,,,,,,,,,,,,,,,,,,,,,,,,,,,,,,,,,,,,,,,,,,,,,,,,,,,,,,,,,,,165.0,198691.0,NAVA JYOTI CHETIA,INR,1.0,165.0,199176.0,Prafulla Kachari,07-Sep-2023 11:21 AM,Accepted-AOC,Awarded,23-Jul-2024 12:15 PM,,,,,,,,,,,,,165.0,198691.0,NAVA JYOTI CHETIA,1.0,L1,,,,,,,,,
,,,,,,,,,,,,,,,,,,,,,,,,,,,,,,,,,,,,,,,,,,,,,,,,,,,,,,,,,,,,,,,,,,,,,,,,,,,,,,,,,,,,,,,,,,,,,,,,,,,,,,,,,,,,,,,,,,,,,,,,,,,,,,166.0,198705.0,ANANTA GOGOI,INR,1.0,166.0,197127.0,PRANAB CHUTIA,28-Aug-2023 05:03 PM,Accepted-AOC,Awarded,23-Jul-2024 12:15 PM,,,,,,,,,,,,,166.0,198705.0,ANANTA GOGOI,1.0,L1,,,,,,,,,
,,,,,,,,,,,,,,,,,,,,,,,,,,,,,,,,,,,,,,,,,,,,,,,,,,,,,,,,,,,,,,,,,,,,,,,,,,,,,,,,,,,,,,,,,,,,,,,,,,,,,,,,,,,,,,,,,,,,,,,,,,,,,,167.0,198723.0,MUNIN GOGOI,INR,1.0,167.0,197396.0,Pranam Pao,30-Aug-2023 01:37 PM,Accepted-AOC,Awarded,23-Jul-2024 12:15 PM,,,,,,,,,,,,,167.0,198723.0,MUNIN GOGOI,1.0,L1,,,,,,,,,
,,,,,,,,,,,,,,,,,,,,,,,,,,,,,,,,,,,,,,,,,,,,,,,,,,,,,,,,,,,,,,,,,,,,,,,,,,,,,,,,,,,,,,,,,,,,,,,,,,,,,,,,,,,,,,,,,,,,,,,,,,,,,,168.0,198734.0,PARIKHIT SONOWAL,INR,1.0,168.0,198395.0,Prandip Bhuyan,06-Sep-2023 11:16 AM,Accepted-AOC,Awarded,23-Jul-2024 12:15 PM,,,,,,,,,,,,,168.0,198734.0,PARIKHIT SONOWAL,1.0,L1,,,,,,,,,
,,,,,,,,,,,,,,,,,,,,,,,,,,,,,,,,,,,,,,,,,,,,,,,,,,,,,,,,,,,,,,,,,,,,,,,,,,,,,,,,,,,,,,,,,,,,,,,,,,,,,,,,,,,,,,,,,,,,,,,,,,,,,,169.0,198743.0,RUPAM SAIKIA,INR,1.0,169.0,198024.0,PRANJAL CHUTIA,05-Sep-2023 11:46 AM,Accepted-AOC,Awarded,23-Jul-2024 12:15 PM,,,,,,,,,,,,,169.0,198743.0,RUPAM SAIKIA,1.0,L1,,,,,,,,,
,,,,,,,,,,,,,,,,,,,,,,,,,,,,,,,,,,,,,,,,,,,,,,,,,,,,,,,,,,,,,,,,,,,,,,,,,,,,,,,,,,,,,,,,,,,,,,,,,,,,,,,,,,,,,,,,,,,,,,,,,,,,,,170.0,198757.0,PURNA BORUAH,INR,1.0,170.0,200341.0,PRANJAL GOGOI,11-Sep-2023 03:01 PM,Accepted-AOC,Awarded,23-Jul-2024 12:15 PM,,,,,,,,,,,,,170.0,198757.0,PURNA BORUAH,1.0,L1,,,,,,,,,
,,,,,,,,,,,,,,,,,,,,,,,,,,,,,,,,,,,,,,,,,,,,,,,,,,,,,,,,,,,,,,,,,,,,,,,,,,,,,,,,,,,,,,,,,,,,,,,,,,,,,,,,,,,,,,,,,,,,,,,,,,,,,,171.0,198796.0,Biren Sonowal,INR,1.0,171.0,197056.0,Pranjal Pegu,28-Aug-2023 12:26 PM,Accepted-AOC,Awarded,23-Jul-2024 12:15 PM,,,,,,,,,,,,,171.0,198796.0,Biren Sonowal,1.0,L1,,,,,,,,,
,,,,,,,,,,,,,,,,,,,,,,,,,,,,,,,,,,,,,,,,,,,,,,,,,,,,,,,,,,,,,,,,,,,,,,,,,,,,,,,,,,,,,,,,,,,,,,,,,,,,,,,,,,,,,,,,,,,,,,,,,,,,,,172.0,198811.0,THANESWAR GOGOI,INR,1.0,172.0,198228.0,Pranjyoti Doley,05-Sep-2023 06:53 PM,Accepted-AOC,Awarded,23-Jul-2024 12:15 PM,,,,,,,,,,,,,172.0,198811.0,THANESWAR GOGOI,1.0,L1,,,,,,,,,
,,,,,,,,,,,,,,,,,,,,,,,,,,,,,,,,,,,,,,,,,,,,,,,,,,,,,,,,,,,,,,,,,,,,,,,,,,,,,,,,,,,,,,,,,,,,,,,,,,,,,,,,,,,,,,,,,,,,,,,,,,,,,,173.0,198871.0,Probin Dihingia,INR,1.0,173.0,197570.0,PRASANTA CHETIA,31-Aug-2023 05:45 PM,Accepted-AOC,Awarded,23-Jul-2024 12:15 PM,,,,,,,,,,,,,173.0,198871.0,Probin Dihingia,1.0,L1,,,,,,,,,
,,,,,,,,,,,,,,,,,,,,,,,,,,,,,,,,,,,,,,,,,,,,,,,,,,,,,,,,,,,,,,,,,,,,,,,,,,,,,,,,,,,,,,,,,,,,,,,,,,,,,,,,,,,,,,,,,,,,,,,,,,,,,,174.0,198875.0,Nirab Gogoi,INR,1.0,174.0,198256.0,PRASANTA KUMAR SINGH,05-Sep-2023 07:52 PM,Accepted-AOC,Awarded,23-Jul-2024 12:15 PM,,,,,,,,,,,,,174.0,198875.0,Nirab Gogoi,1.0,L1,,,,,,,,,
,,,,,,,,,,,,,,,,,,,,,,,,,,,,,,,,,,,,,,,,,,,,,,,,,,,,,,,,,,,,,,,,,,,,,,,,,,,,,,,,,,,,,,,,,,,,,,,,,,,,,,,,,,,,,,,,,,,,,,,,,,,,,,175.0,198883.0,HEMA GOHAIN,INR,1.0,175.0,200957.0,Prasanta Lahan,14-Sep-2023 02:29 PM,Accepted-AOC,Awarded,23-Jul-2024 12:15 PM,,,,,,,,,,,,,175.0,198883.0,HEMA GOHAIN,1.0,L1,,,,,,,,,
,,,,,,,,,,,,,,,,,,,,,,,,,,,,,,,,,,,,,,,,,,,,,,,,,,,,,,,,,,,,,,,,,,,,,,,,,,,,,,,,,,,,,,,,,,,,,,,,,,,,,,,,,,,,,,,,,,,,,,,,,,,,,,176.0,198884.0,DHRUBAJYOTI BORGOHAIN,INR,1.0,176.0,196289.0,PRIYA GOHAIN,21-Aug-2023 06:26 PM,Accepted-AOC,Awarded,23-Jul-2024 12:15 PM,,,,,,,,,,,,,176.0,198884.0,DHRUBAJYOTI BORGOHAIN,1.0,L1,,,,,,,,,
,,,,,,,,,,,,,,,,,,,,,,,,,,,,,,,,,,,,,,,,,,,,,,,,,,,,,,,,,,,,,,,,,,,,,,,,,,,,,,,,,,,,,,,,,,,,,,,,,,,,,,,,,,,,,,,,,,,,,,,,,,,,,,177.0,198918.0,GOPANKA PATHAK,INR,1.0,177.0,198871.0,Probin Dihingia,06-Sep-2023 09:31 PM,Accepted-AOC,Awarded,23-Jul-2024 12:15 PM,,,,,,,,,,,,,177.0,198918.0,GOPANKA PATHAK,1.0,L1,,,,,,,,,
,,,,,,,,,,,,,,,,,,,,,,,,,,,,,,,,,,,,,,,,,,,,,,,,,,,,,,,,,,,,,,,,,,,,,,,,,,,,,,,,,,,,,,,,,,,,,,,,,,,,,,,,,,,,,,,,,,,,,,,,,,,,,,178.0,199090.0,SRI UTPAL DUTTA,INR,1.0,178.0,198137.0,PRODIP RAJKHOWA,05-Sep-2023 03:24 PM,Accepted-AOC,Awarded,23-Jul-2024 12:15 PM,,,,,,,,,,,,,178.0,199090.0,SRI UTPAL DUTTA,1.0,L1,,,,,,,,,
,,,,,,,,,,,,,,,,,,,,,,,,,,,,,,,,,,,,,,,,,,,,,,,,,,,,,,,,,,,,,,,,,,,,,,,,,,,,,,,,,,,,,,,,,,,,,,,,,,,,,,,,,,,,,,,,,,,,,,,,,,,,,,179.0,199095.0,RABIN DOLEY,INR,1.0,179.0,199151.0,"public health engineering department , assam",07-Sep-2023 11:24 AM,Accepted-AOC,Awarded,23-Jul-2024 12:15 PM,,,,,,,,,,,,,179.0,199095.0,RABIN DOLEY,1.0,L1,,,,,,,,,
,,,,,,,,,,,,,,,,,,,,,,,,,,,,,,,,,,,,,,,,,,,,,,,,,,,,,,,,,,,,,,,,,,,,,,,,,,,,,,,,,,,,,,,,,,,,,,,,,,,,,,,,,,,,,,,,,,,,,,,,,,,,,,180.0,199124.0,RAJLOSON SARMA,INR,1.0,180.0,199485.0,Pulak Chutia,07-Sep-2023 02:22 PM,Accepted-AOC,Awarded,23-Jul-2024 12:15 PM,,,,,,,,,,,,,180.0,199124.0,RAJLOSON SARMA,1.0,L1,,,,,,,,,
,,,,,,,,,,,,,,,,,,,,,,,,,,,,,,,,,,,,,,,,,,,,,,,,,,,,,,,,,,,,,,,,,,,,,,,,,,,,,,,,,,,,,,,,,,,,,,,,,,,,,,,,,,,,,,,,,,,,,,,,,,,,,,181.0,199130.0,ANUP CHUTIA,INR,1.0,181.0,198051.0,PULIN HAZARIKA,05-Sep-2023 12:39 PM,Accepted-AOC,Awarded,23-Jul-2024 12:15 PM,,,,,,,,,,,,,181.0,199130.0,ANUP CHUTIA,1.0,L1,,,,,,,,,
,,,,,,,,,,,,,,,,,,,,,,,,,,,,,,,,,,,,,,,,,,,,,,,,,,,,,,,,,,,,,,,,,,,,,,,,,,,,,,,,,,,,,,,,,,,,,,,,,,,,,,,,,,,,,,,,,,,,,,,,,,,,,,182.0,199147.0,CHANDAN TRUST FIRM,INR,1.0,182.0,198757.0,PURNA BORUAH,06-Sep-2023 06:20 PM,Accepted-AOC,Awarded,23-Jul-2024 12:15 PM,,,,,,,,,,,,,182.0,199147.0,CHANDAN TRUST FIRM,1.0,L1,,,,,,,,,
,,,,,,,,,,,,,,,,,,,,,,,,,,,,,,,,,,,,,,,,,,,,,,,,,,,,,,,,,,,,,,,,,,,,,,,,,,,,,,,,,,,,,,,,,,,,,,,,,,,,,,,,,,,,,,,,,,,,,,,,,,,,,,183.0,199149.0,SANJIB DOLEY,INR,1.0,183.0,201056.0,PURNA SONOWAL,14-Sep-2023 05:25 PM,Accepted-AOC,Awarded,23-Jul-2024 12:15 PM,,,,,,,,,,,,,183.0,199149.0,SANJIB DOLEY,1.0,L1,,,,,,,,,
,,,,,,,,,,,,,,,,,,,,,,,,,,,,,,,,,,,,,,,,,,,,,,,,,,,,,,,,,,,,,,,,,,,,,,,,,,,,,,,,,,,,,,,,,,,,,,,,,,,,,,,,,,,,,,,,,,,,,,,,,,,,,,184.0,199151.0,"public health engineering department , assam",INR,1.0,184.0,196596.0,PUTUL DOLEY,24-Aug-2023 02:38 PM,Accepted-AOC,Awarded,23-Jul-2024 12:15 PM,,,,,,,,,,,,,184.0,199151.0,"public health engineering department , assam",1.0,L1,,,,,,,,,
,,,,,,,,,,,,,,,,,,,,,,,,,,,,,,,,,,,,,,,,,,,,,,,,,,,,,,,,,,,,,,,,,,,,,,,,,,,,,,,,,,,,,,,,,,,,,,,,,,,,,,,,,,,,,,,,,,,,,,,,,,,,,,185.0,199176.0,Prafulla Kachari,INR,1.0,185.0,197390.0,PUTUL HANDIQUE,30-Aug-2023 01:20 PM,Accepted-AOC,Awarded,23-Jul-2024 12:15 PM,,,,,,,,,,,,,185.0,199176.0,Prafulla Kachari,1.0,L1,,,,,,,,,
,,,,,,,,,,,,,,,,,,,,,,,,,,,,,,,,,,,,,,,,,,,,,,,,,,,,,,,,,,,,,,,,,,,,,,,,,,,,,,,,,,,,,,,,,,,,,,,,,,,,,,,,,,,,,,,,,,,,,,,,,,,,,,186.0,199181.0,Tridip Baruah,INR,1.0,186.0,200473.0,Putul Mili,12-Sep-2023 01:07 PM,Accepted-AOC,Awarded,23-Jul-2024 12:15 PM,,,,,,,,,,,,,186.0,199181.0,Tridip Baruah,1.0,L1,,,,,,,,,
,,,,,,,,,,,,,,,,,,,,,,,,,,,,,,,,,,,,,,,,,,,,,,,,,,,,,,,,,,,,,,,,,,,,,,,,,,,,,,,,,,,,,,,,,,,,,,,,,,,,,,,,,,,,,,,,,,,,,,,,,,,,,,187.0,199194.0,PARUL CHANGMAI,INR,1.0,187.0,201333.0,PUTUL SAIKIA,15-Sep-2023 10:13 AM,Accepted-AOC,Awarded,23-Jul-2024 12:15 PM,,,,,,,,,,,,,187.0,199194.0,PARUL CHANGMAI,1.0,L1,,,,,,,,,
,,,,,,,,,,,,,,,,,,,,,,,,,,,,,,,,,,,,,,,,,,,,,,,,,,,,,,,,,,,,,,,,,,,,,,,,,,,,,,,,,,,,,,,,,,,,,,,,,,,,,,,,,,,,,,,,,,,,,,,,,,,,,,188.0,199197.0,LALIT PEGU,INR,1.0,188.0,199095.0,RABIN DOLEY,07-Sep-2023 09:58 AM,Accepted-AOC,Awarded,23-Jul-2024 12:15 PM,,,,,,,,,,,,,188.0,199197.0,LALIT PEGU,1.0,L1,,,,,,,,,
,,,,,,,,,,,,,,,,,,,,,,,,,,,,,,,,,,,,,,,,,,,,,,,,,,,,,,,,,,,,,,,,,,,,,,,,,,,,,,,,,,,,,,,,,,,,,,,,,,,,,,,,,,,,,,,,,,,,,,,,,,,,,,189.0,199201.0,RENUMAI NEOG,INR,1.0,189.0,201539.0,Rabindra Hazarika,15-Sep-2023 01:08 PM,Accepted-AOC,Awarded,23-Jul-2024 12:15 PM,,,,,,,,,,,,,189.0,199201.0,RENUMAI NEOG,1.0,L1,,,,,,,,,
,,,,,,,,,,,,,,,,,,,,,,,,,,,,,,,,,,,,,,,,,,,,,,,,,,,,,,,,,,,,,,,,,,,,,,,,,,,,,,,,,,,,,,,,,,,,,,,,,,,,,,,,,,,,,,,,,,,,,,,,,,,,,,190.0,199207.0,PABITRA KUMAR BORUAH,INR,1.0,190.0,198043.0,Rahool Bikram Chetia,05-Sep-2023 12:23 PM,Accepted-AOC,Awarded,23-Jul-2024 12:15 PM,,,,,,,,,,,,,190.0,199207.0,PABITRA KUMAR BORUAH,1.0,L1,,,,,,,,,
,,,,,,,,,,,,,,,,,,,,,,,,,,,,,,,,,,,,,,,,,,,,,,,,,,,,,,,,,,,,,,,,,,,,,,,,,,,,,,,,,,,,,,,,,,,,,,,,,,,,,,,,,,,,,,,,,,,,,,,,,,,,,,191.0,199248.0,YOGYA PROJECTS,INR,1.0,191.0,197516.0,RAJIB KR DUTTA,31-Aug-2023 12:25 PM,Accepted-AOC,Awarded,23-Jul-2024 12:15 PM,,,,,,,,,,,,,191.0,199248.0,YOGYA PROJECTS,1.0,L1,,,,,,,,,
,,,,,,,,,,,,,,,,,,,,,,,,,,,,,,,,,,,,,,,,,,,,,,,,,,,,,,,,,,,,,,,,,,,,,,,,,,,,,,,,,,,,,,,,,,,,,,,,,,,,,,,,,,,,,,,,,,,,,,,,,,,,,,192.0,199250.0,Jatin Thengal,INR,1.0,192.0,198384.0,RAJ KUMAR JIMEY,06-Sep-2023 05:48 PM,Accepted-AOC,Awarded,23-Jul-2024 12:15 PM,,,,,,,,,,,,,192.0,199250.0,Jatin Thengal,1.0,L1,,,,,,,,,
,,,,,,,,,,,,,,,,,,,,,,,,,,,,,,,,,,,,,,,,,,,,,,,,,,,,,,,,,,,,,,,,,,,,,,,,,,,,,,,,,,,,,,,,,,,,,,,,,,,,,,,,,,,,,,,,,,,,,,,,,,,,,,193.0,199312.0,SUBHAN DUTTA,INR,1.0,193.0,197212.0,RAJ KUMAR SINGH,29-Aug-2023 12:21 PM,Accepted-AOC,Awarded,23-Jul-2024 12:15 PM,,,,,,,,,,,,,193.0,199312.0,SUBHAN DUTTA,1.0,L1,,,,,,,,,
,,,,,,,,,,,,,,,,,,,,,,,,,,,,,,,,,,,,,,,,,,,,,,,,,,,,,,,,,,,,,,,,,,,,,,,,,,,,,,,,,,,,,,,,,,,,,,,,,,,,,,,,,,,,,,,,,,,,,,,,,,,,,,194.0,199342.0,Hemanga Kumar Das,INR,1.0,194.0,199124.0,RAJLOSON SARMA,07-Sep-2023 10:44 AM,Accepted-AOC,Awarded,23-Jul-2024 12:15 PM,,,,,,,,,,,,,194.0,199342.0,Hemanga Kumar Das,1.0,L1,,,,,,,,,
,,,,,,,,,,,,,,,,,,,,,,,,,,,,,,,,,,,,,,,,,,,,,,,,,,,,,,,,,,,,,,,,,,,,,,,,,,,,,,,,,,,,,,,,,,,,,,,,,,,,,,,,,,,,,,,,,,,,,,,,,,,,,,195.0,199415.0,DIMPLE BORPATRA GOHAIN,INR,1.0,195.0,197552.0,RAJU BORUAH,31-Aug-2023 03:40 PM,Accepted-AOC,Awarded,23-Jul-2024 12:15 PM,,,,,,,,,,,,,195.0,199415.0,DIMPLE BORPATRA GOHAIN,1.0,L1,,,,,,,,,
,,,,,,,,,,,,,,,,,,,,,,,,,,,,,,,,,,,,,,,,,,,,,,,,,,,,,,,,,,,,,,,,,,,,,,,,,,,,,,,,,,,,,,,,,,,,,,,,,,,,,,,,,,,,,,,,,,,,,,,,,,,,,,196.0,199447.0,RANJIT KUMAR ROY,INR,1.0,196.0,198053.0,RANITA DOLEY DAW,05-Sep-2023 12:53 PM,Accepted-AOC,Awarded,23-Jul-2024 12:15 PM,,,,,,,,,,,,,196.0,199447.0,RANJIT KUMAR ROY,1.0,L1,,,,,,,,,
,,,,,,,,,,,,,,,,,,,,,,,,,,,,,,,,,,,,,,,,,,,,,,,,,,,,,,,,,,,,,,,,,,,,,,,,,,,,,,,,,,,,,,,,,,,,,,,,,,,,,,,,,,,,,,,,,,,,,,,,,,,,,,197.0,199467.0,RITURAJ BORGOHAIN,INR,1.0,197.0,197149.0,Ranjit Gogoi,28-Aug-2023 06:34 PM,Accepted-AOC,Awarded,23-Jul-2024 12:15 PM,,,,,,,,,,,,,197.0,199467.0,RITURAJ BORGOHAIN,1.0,L1,,,,,,,,,
,,,,,,,,,,,,,,,,,,,,,,,,,,,,,,,,,,,,,,,,,,,,,,,,,,,,,,,,,,,,,,,,,,,,,,,,,,,,,,,,,,,,,,,,,,,,,,,,,,,,,,,,,,,,,,,,,,,,,,,,,,,,,,198.0,199484.0,Abanindra Doley,INR,1.0,198.0,196630.0,RANJIT GOGOI,24-Aug-2023 06:41 PM,Accepted-AOC,Awarded,23-Jul-2024 12:15 PM,,,,,,,,,,,,,198.0,199484.0,Abanindra Doley,1.0,L1,,,,,,,,,
,,,,,,,,,,,,,,,,,,,,,,,,,,,,,,,,,,,,,,,,,,,,,,,,,,,,,,,,,,,,,,,,,,,,,,,,,,,,,,,,,,,,,,,,,,,,,,,,,,,,,,,,,,,,,,,,,,,,,,,,,,,,,,199.0,199485.0,Pulak Chutia,INR,1.0,199.0,199447.0,RANJIT KUMAR ROY,07-Sep-2023 02:03 PM,Accepted-AOC,Awarded,23-Jul-2024 12:15 PM,,,,,,,,,,,,,199.0,199485.0,Pulak Chutia,1.0,L1,,,,,,,,,
,,,,,,,,,,,,,,,,,,,,,,,,,,,,,,,,,,,,,,,,,,,,,,,,,,,,,,,,,,,,,,,,,,,,,,,,,,,,,,,,,,,,,,,,,,,,,,,,,,,,,,,,,,,,,,,,,,,,,,,,,,,,,,200.0,199512.0,PADA KUMAR MILI,INR,1.0,200.0,201413.0,RATUL BORUAH,15-Sep-2023 11:35 AM,Accepted-AOC,Awarded,23-Jul-2024 12:15 PM,,,,,,,,,,,,,200.0,199512.0,PADA KUMAR MILI,1.0,L1,,,,,,,,,
,,,,,,,,,,,,,,,,,,,,,,,,,,,,,,,,,,,,,,,,,,,,,,,,,,,,,,,,,,,,,,,,,,,,,,,,,,,,,,,,,,,,,,,,,,,,,,,,,,,,,,,,,,,,,,,,,,,,,,,,,,,,,,201.0,199544.0,BABUL BURAGOHAIN,INR,1.0,201.0,199201.0,RENUMAI NEOG,07-Sep-2023 11:44 AM,Accepted-AOC,Awarded,23-Jul-2024 12:15 PM,,,,,,,,,,,,,201.0,199544.0,BABUL BURAGOHAIN,1.0,L1,,,,,,,,,
,,,,,,,,,,,,,,,,,,,,,,,,,,,,,,,,,,,,,,,,,,,,,,,,,,,,,,,,,,,,,,,,,,,,,,,,,,,,,,,,,,,,,,,,,,,,,,,,,,,,,,,,,,,,,,,,,,,,,,,,,,,,,,202.0,199591.0,Kulesh Baruah,INR,1.0,202.0,198565.0,Rindaw Goyary,06-Sep-2023 02:17 PM,Accepted-AOC,Awarded,23-Jul-2024 12:15 PM,,,,,,,,,,,,,202.0,199591.0,Kulesh Baruah,1.0,L1,,,,,,,,,
,,,,,,,,,,,,,,,,,,,,,,,,,,,,,,,,,,,,,,,,,,,,,,,,,,,,,,,,,,,,,,,,,,,,,,,,,,,,,,,,,,,,,,,,,,,,,,,,,,,,,,,,,,,,,,,,,,,,,,,,,,,,,,203.0,199638.0,CHIRANJIT GOGOI,INR,1.0,203.0,196296.0,RINTU DIHINGIA,21-Aug-2023 07:07 PM,Accepted-AOC,Awarded,23-Jul-2024 12:15 PM,,,,,,,,,,,,,203.0,199638.0,CHIRANJIT GOGOI,1.0,L1,,,,,,,,,
,,,,,,,,,,,,,,,,,,,,,,,,,,,,,,,,,,,,,,,,,,,,,,,,,,,,,,,,,,,,,,,,,,,,,,,,,,,,,,,,,,,,,,,,,,,,,,,,,,,,,,,,,,,,,,,,,,,,,,,,,,,,,,204.0,199640.0,shoiab khan,INR,1.0,204.0,196601.0,RITUPARNA CHUTIA,24-Aug-2023 03:13 PM,Accepted-AOC,Awarded,23-Jul-2024 12:15 PM,,,,,,,,,,,,,204.0,199640.0,shoiab khan,1.0,L1,,,,,,,,,
,,,,,,,,,,,,,,,,,,,,,,,,,,,,,,,,,,,,,,,,,,,,,,,,,,,,,,,,,,,,,,,,,,,,,,,,,,,,,,,,,,,,,,,,,,,,,,,,,,,,,,,,,,,,,,,,,,,,,,,,,,,,,,205.0,199659.0,SANJEEB BORUAH,INR,1.0,205.0,198592.0,RITUPARNA DEVI CHUTIA,06-Sep-2023 05:25 PM,Accepted-AOC,Awarded,23-Jul-2024 12:15 PM,,,,,,,,,,,,,205.0,199659.0,SANJEEB BORUAH,1.0,L1,,,,,,,,,
,,,,,,,,,,,,,,,,,,,,,,,,,,,,,,,,,,,,,,,,,,,,,,,,,,,,,,,,,,,,,,,,,,,,,,,,,,,,,,,,,,,,,,,,,,,,,,,,,,,,,,,,,,,,,,,,,,,,,,,,,,,,,,206.0,199897.0,SAHIL AKHTAR,INR,1.0,206.0,199467.0,RITURAJ BORGOHAIN,07-Sep-2023 02:24 PM,Accepted-AOC,Awarded,23-Jul-2024 12:15 PM,,,,,,,,,,,,,206.0,199897.0,SAHIL AKHTAR,1.0,L1,,,,,,,,,
,,,,,,,,,,,,,,,,,,,,,,,,,,,,,,,,,,,,,,,,,,,,,,,,,,,,,,,,,,,,,,,,,,,,,,,,,,,,,,,,,,,,,,,,,,,,,,,,,,,,,,,,,,,,,,,,,,,,,,,,,,,,,,207.0,200000.0,Bitupan Chamuah,INR,1.0,207.0,197104.0,ROBIN BORO,28-Aug-2023 03:01 PM,Accepted-AOC,Awarded,23-Jul-2024 12:15 PM,,,,,,,,,,,,,207.0,200000.0,Bitupan Chamuah,1.0,L1,,,,,,,,,
,,,,,,,,,,,,,,,,,,,,,,,,,,,,,,,,,,,,,,,,,,,,,,,,,,,,,,,,,,,,,,,,,,,,,,,,,,,,,,,,,,,,,,,,,,,,,,,,,,,,,,,,,,,,,,,,,,,,,,,,,,,,,,208.0,200341.0,PRANJAL GOGOI,INR,1.0,208.0,197824.0,Robin Saikia,03-Sep-2023 10:08 AM,Accepted-AOC,Awarded,23-Jul-2024 12:15 PM,,,,,,,,,,,,,208.0,200341.0,PRANJAL GOGOI,1.0,L1,,,,,,,,,
,,,,,,,,,,,,,,,,,,,,,,,,,,,,,,,,,,,,,,,,,,,,,,,,,,,,,,,,,,,,,,,,,,,,,,,,,,,,,,,,,,,,,,,,,,,,,,,,,,,,,,,,,,,,,,,,,,,,,,,,,,,,,,209.0,200363.0,BIPUL GOGOI,INR,1.0,209.0,197676.0,ROHIT DOLEY,01-Sep-2023 04:31 PM,Accepted-AOC,Awarded,23-Jul-2024 12:15 PM,,,,,,,,,,,,,209.0,200363.0,BIPUL GOGOI,1.0,L1,,,,,,,,,
,,,,,,,,,,,,,,,,,,,,,,,,,,,,,,,,,,,,,,,,,,,,,,,,,,,,,,,,,,,,,,,,,,,,,,,,,,,,,,,,,,,,,,,,,,,,,,,,,,,,,,,,,,,,,,,,,,,,,,,,,,,,,,210.0,200403.0,DILIP KUMAR SAIKIA,INR,1.0,210.0,198001.0,Ruhit Kutum,05-Sep-2023 10:03 AM,Accepted-AOC,Awarded,23-Jul-2024 12:15 PM,,,,,,,,,,,,,210.0,200397.0,MONTU GOHAIN,1.0,L1,,,,,,,,,
,,,,,,,,,,,,,,,,,,,,,,,,,,,,,,,,,,,,,,,,,,,,,,,,,,,,,,,,,,,,,,,,,,,,,,,,,,,,,,,,,,,,,,,,,,,,,,,,,,,,,,,,,,,,,,,,,,,,,,,,,,,,,,211.0,200472.0,MR. NABIN CHANDRA BORUAH,INR,1.0,211.0,201583.0,RUMEE GOGOI,15-Sep-2023 01:39 PM,Accepted-AOC,Awarded,23-Jul-2024 12:15 PM,,,,,,,,,,,,,211.0,200403.0,DILIP KUMAR SAIKIA,1.0,L1,,,,,,,,,
,,,,,,,,,,,,,,,,,,,,,,,,,,,,,,,,,,,,,,,,,,,,,,,,,,,,,,,,,,,,,,,,,,,,,,,,,,,,,,,,,,,,,,,,,,,,,,,,,,,,,,,,,,,,,,,,,,,,,,,,,,,,,,212.0,200473.0,Putul Mili,INR,1.0,212.0,198743.0,RUPAM SAIKIA,06-Sep-2023 05:54 PM,Accepted-AOC,Awarded,23-Jul-2024 12:15 PM,,,,,,,,,,,,,212.0,200472.0,MR. NABIN CHANDRA BORUAH,1.0,L1,,,,,,,,,
,,,,,,,,,,,,,,,,,,,,,,,,,,,,,,,,,,,,,,,,,,,,,,,,,,,,,,,,,,,,,,,,,,,,,,,,,,,,,,,,,,,,,,,,,,,,,,,,,,,,,,,,,,,,,,,,,,,,,,,,,,,,,,213.0,200519.0,UMANANDA BORUAH,INR,1.0,213.0,199897.0,SAHIL AKHTAR,08-Sep-2023 11:47 PM,Accepted-AOC,Awarded,23-Jul-2024 12:15 PM,,,,,,,,,,,,,213.0,200473.0,Putul Mili,1.0,L1,,,,,,,,,
,,,,,,,,,,,,,,,,,,,,,,,,,,,,,,,,,,,,,,,,,,,,,,,,,,,,,,,,,,,,,,,,,,,,,,,,,,,,,,,,,,,,,,,,,,,,,,,,,,,,,,,,,,,,,,,,,,,,,,,,,,,,,,214.0,200658.0,CHENIDHAR KUMBANG,INR,1.0,214.0,199659.0,SANJEEB BORUAH,07-Sep-2023 03:56 PM,Accepted-AOC,Awarded,23-Jul-2024 12:15 PM,,,,,,,,,,,,,214.0,200519.0,UMANANDA BORUAH,1.0,L1,,,,,,,,,
,,,,,,,,,,,,,,,,,,,,,,,,,,,,,,,,,,,,,,,,,,,,,,,,,,,,,,,,,,,,,,,,,,,,,,,,,,,,,,,,,,,,,,,,,,,,,,,,,,,,,,,,,,,,,,,,,,,,,,,,,,,,,,215.0,200685.0,Birinchi Gogoi,INR,1.0,215.0,199149.0,SANJIB DOLEY,07-Sep-2023 11:06 AM,Accepted-AOC,Awarded,23-Jul-2024 12:15 PM,,,,,,,,,,,,,215.0,200658.0,CHENIDHAR KUMBANG,1.0,L1,,,,,,,,,
,,,,,,,,,,,,,,,,,,,,,,,,,,,,,,,,,,,,,,,,,,,,,,,,,,,,,,,,,,,,,,,,,,,,,,,,,,,,,,,,,,,,,,,,,,,,,,,,,,,,,,,,,,,,,,,,,,,,,,,,,,,,,,216.0,200702.0,HANDRY MILI,INR,1.0,216.0,196721.0,Sankar Gogoi,25-Aug-2023 02:37 PM,Accepted-AOC,Awarded,23-Jul-2024 12:15 PM,,,,,,,,,,,,,216.0,200685.0,Birinchi Gogoi,1.0,L1,,,,,,,,,
,,,,,,,,,,,,,,,,,,,,,,,,,,,,,,,,,,,,,,,,,,,,,,,,,,,,,,,,,,,,,,,,,,,,,,,,,,,,,,,,,,,,,,,,,,,,,,,,,,,,,,,,,,,,,,,,,,,,,,,,,,,,,,217.0,200779.0,PRADIP DEKA,INR,1.0,217.0,196465.0,SATYENDRA BORAH,23-Aug-2023 02:05 PM,Accepted-AOC,Awarded,23-Jul-2024 12:15 PM,,,,,,,,,,,,,217.0,200702.0,HANDRY MILI,1.0,L1,,,,,,,,,
,,,,,,,,,,,,,,,,,,,,,,,,,,,,,,,,,,,,,,,,,,,,,,,,,,,,,,,,,,,,,,,,,,,,,,,,,,,,,,,,,,,,,,,,,,,,,,,,,,,,,,,,,,,,,,,,,,,,,,,,,,,,,,218.0,200816.0,Dipen Gogoi,INR,1.0,218.0,196398.0,Shilpa Pegu,22-Aug-2023 05:14 PM,Accepted-AOC,Awarded,23-Jul-2024 12:15 PM,,,,,,,,,,,,,218.0,200779.0,PRADIP DEKA,1.0,L1,,,,,,,,,
,,,,,,,,,,,,,,,,,,,,,,,,,,,,,,,,,,,,,,,,,,,,,,,,,,,,,,,,,,,,,,,,,,,,,,,,,,,,,,,,,,,,,,,,,,,,,,,,,,,,,,,,,,,,,,,,,,,,,,,,,,,,,,219.0,200821.0,JAYANTA DUTTA,INR,1.0,219.0,199640.0,shoiab khan,07-Sep-2023 03:45 PM,Accepted-AOC,Awarded,23-Jul-2024 12:15 PM,,,,,,,,,,,,,219.0,200816.0,Dipen Gogoi,1.0,L1,,,,,,,,,
,,,,,,,,,,,,,,,,,,,,,,,,,,,,,,,,,,,,,,,,,,,,,,,,,,,,,,,,,,,,,,,,,,,,,,,,,,,,,,,,,,,,,,,,,,,,,,,,,,,,,,,,,,,,,,,,,,,,,,,,,,,,,,220.0,200840.0,MRIDUL DUTTA,INR,1.0,220.0,198615.0,Shri Debajyoti Das,06-Sep-2023 02:55 PM,Accepted-AOC,Awarded,23-Jul-2024 12:15 PM,,,,,,,,,,,,,220.0,200821.0,JAYANTA DUTTA,1.0,L1,,,,,,,,,
,,,,,,,,,,,,,,,,,,,,,,,,,,,,,,,,,,,,,,,,,,,,,,,,,,,,,,,,,,,,,,,,,,,,,,,,,,,,,,,,,,,,,,,,,,,,,,,,,,,,,,,,,,,,,,,,,,,,,,,,,,,,,,221.0,200957.0,Prasanta Lahan,INR,1.0,221.0,198632.0,SIBCHARAN SWARGIARY,06-Sep-2023 03:21 PM,Accepted-AOC,Awarded,23-Jul-2024 12:15 PM,,,,,,,,,,,,,221.0,200840.0,MRIDUL DUTTA,1.0,L1,,,,,,,,,
,,,,,,,,,,,,,,,,,,,,,,,,,,,,,,,,,,,,,,,,,,,,,,,,,,,,,,,,,,,,,,,,,,,,,,,,,,,,,,,,,,,,,,,,,,,,,,,,,,,,,,,,,,,,,,,,,,,,,,,,,,,,,,222.0,200965.0,ARIF MD IFTIKAR HUSSAIN,INR,1.0,222.0,196347.0,SIBIRAM TAW,22-Aug-2023 01:13 PM,Accepted-AOC,Awarded,23-Jul-2024 12:15 PM,,,,,,,,,,,,,222.0,200957.0,Prasanta Lahan,1.0,L1,,,,,,,,,
,,,,,,,,,,,,,,,,,,,,,,,,,,,,,,,,,,,,,,,,,,,,,,,,,,,,,,,,,,,,,,,,,,,,,,,,,,,,,,,,,,,,,,,,,,,,,,,,,,,,,,,,,,,,,,,,,,,,,,,,,,,,,,223.0,200968.0,HI-Tech Water Solutions Pvt. Ltd,INR,1.0,223.0,197593.0,Simanta Gogoi,31-Aug-2023 07:14 PM,Accepted-AOC,Awarded,23-Jul-2024 12:15 PM,,,,,,,,,,,,,223.0,200965.0,ARIF MD IFTIKAR HUSSAIN,1.0,L1,,,,,,,,,
,,,,,,,,,,,,,,,,,,,,,,,,,,,,,,,,,,,,,,,,,,,,,,,,,,,,,,,,,,,,,,,,,,,,,,,,,,,,,,,,,,,,,,,,,,,,,,,,,,,,,,,,,,,,,,,,,,,,,,,,,,,,,,224.0,201020.0,MOMIT RAJKHOWA,INR,1.0,224.0,198210.0,SRI BASANTA SAIKIA,05-Sep-2023 06:12 PM,Accepted-AOC,Awarded,23-Jul-2024 12:15 PM,,,,,,,,,,,,,224.0,200968.0,HI-Tech Water Solutions Pvt. Ltd,1.0,L1,,,,,,,,,
,,,,,,,,,,,,,,,,,,,,,,,,,,,,,,,,,,,,,,,,,,,,,,,,,,,,,,,,,,,,,,,,,,,,,,,,,,,,,,,,,,,,,,,,,,,,,,,,,,,,,,,,,,,,,,,,,,,,,,,,,,,,,,225.0,201026.0,UMA KANTA CHUTIA,INR,1.0,225.0,197500.0,SRI BINANDA CHANDRA BORUAH,31-Aug-2023 11:39 AM,Accepted-AOC,Awarded,23-Jul-2024 12:15 PM,,,,,,,,,,,,,225.0,201020.0,MOMIT RAJKHOWA,1.0,L1,,,,,,,,,
,,,,,,,,,,,,,,,,,,,,,,,,,,,,,,,,,,,,,,,,,,,,,,,,,,,,,,,,,,,,,,,,,,,,,,,,,,,,,,,,,,,,,,,,,,,,,,,,,,,,,,,,,,,,,,,,,,,,,,,,,,,,,,226.0,201031.0,KESHAB TAW,INR,1.0,226.0,198170.0,SRI DILIP KACHARI,05-Sep-2023 04:17 PM,Accepted-AOC,Awarded,23-Jul-2024 12:15 PM,,,,,,,,,,,,,226.0,201026.0,UMA KANTA CHUTIA,1.0,L1,,,,,,,,,
,,,,,,,,,,,,,,,,,,,,,,,,,,,,,,,,,,,,,,,,,,,,,,,,,,,,,,,,,,,,,,,,,,,,,,,,,,,,,,,,,,,,,,,,,,,,,,,,,,,,,,,,,,,,,,,,,,,,,,,,,,,,,,227.0,201050.0,JITUL SONOWAL,INR,1.0,227.0,197911.0,SRI PABITRA SUT,04-Sep-2023 04:10 PM,Accepted-AOC,Awarded,23-Jul-2024 12:15 PM,,,,,,,,,,,,,227.0,201031.0,KESHAB TAW,1.0,L1,,,,,,,,,
,,,,,,,,,,,,,,,,,,,,,,,,,,,,,,,,,,,,,,,,,,,,,,,,,,,,,,,,,,,,,,,,,,,,,,,,,,,,,,,,,,,,,,,,,,,,,,,,,,,,,,,,,,,,,,,,,,,,,,,,,,,,,,228.0,201056.0,PURNA SONOWAL,INR,1.0,228.0,197659.0,SRI PUTUL GOSWAMI,01-Sep-2023 02:34 PM,Accepted-AOC,Awarded,23-Jul-2024 12:15 PM,,,,,,,,,,,,,228.0,201050.0,JITUL SONOWAL,1.0,L1,,,,,,,,,
,,,,,,,,,,,,,,,,,,,,,,,,,,,,,,,,,,,,,,,,,,,,,,,,,,,,,,,,,,,,,,,,,,,,,,,,,,,,,,,,,,,,,,,,,,,,,,,,,,,,,,,,,,,,,,,,,,,,,,,,,,,,,,229.0,201060.0,SRI ROBIN DUTTA,INR,1.0,229.0,201060.0,SRI ROBIN DUTTA,14-Sep-2023 05:36 PM,Accepted-AOC,Awarded,23-Jul-2024 12:15 PM,,,,,,,,,,,,,229.0,201056.0,PURNA SONOWAL,1.0,L1,,,,,,,,,
,,,,,,,,,,,,,,,,,,,,,,,,,,,,,,,,,,,,,,,,,,,,,,,,,,,,,,,,,,,,,,,,,,,,,,,,,,,,,,,,,,,,,,,,,,,,,,,,,,,,,,,,,,,,,,,,,,,,,,,,,,,,,,230.0,201088.0,Nitul Hazarika,INR,1.0,230.0,198630.0,Sri Satya Changmai,06-Sep-2023 03:15 PM,Accepted-AOC,Awarded,23-Jul-2024 12:15 PM,,,,,,,,,,,,,230.0,201060.0,SRI ROBIN DUTTA,1.0,L1,,,,,,,,,
,,,,,,,,,,,,,,,,,,,,,,,,,,,,,,,,,,,,,,,,,,,,,,,,,,,,,,,,,,,,,,,,,,,,,,,,,,,,,,,,,,,,,,,,,,,,,,,,,,,,,,,,,,,,,,,,,,,,,,,,,,,,,,231.0,201131.0,SURESH SUT,INR,1.0,231.0,199090.0,SRI UTPAL DUTTA,07-Sep-2023 09:48 AM,Accepted-AOC,Awarded,23-Jul-2024 12:15 PM,,,,,,,,,,,,,231.0,201088.0,Nitul Hazarika,1.0,L1,,,,,,,,,
,,,,,,,,,,,,,,,,,,,,,,,,,,,,,,,,,,,,,,,,,,,,,,,,,,,,,,,,,,,,,,,,,,,,,,,,,,,,,,,,,,,,,,,,,,,,,,,,,,,,,,,,,,,,,,,,,,,,,,,,,,,,,,232.0,201242.0,PRABHASH KUMAR SINGH,INR,1.0,232.0,199312.0,SUBHAN DUTTA,07-Sep-2023 12:56 PM,Accepted-AOC,Awarded,23-Jul-2024 12:15 PM,,,,,,,,,,,,,232.0,201131.0,SURESH SUT,1.0,L1,,,,,,,,,
,,,,,,,,,,,,,,,,,,,,,,,,,,,,,,,,,,,,,,,,,,,,,,,,,,,,,,,,,,,,,,,,,,,,,,,,,,,,,,,,,,,,,,,,,,,,,,,,,,,,,,,,,,,,,,,,,,,,,,,,,,,,,,233.0,201285.0,PAWAN KUMAR SINGH,INR,1.0,233.0,198428.0,SUBRATA BHOWMICK,06-Sep-2023 12:14 PM,Accepted-AOC,Awarded,23-Jul-2024 12:15 PM,,,,,,,,,,,,,233.0,201242.0,PRABHASH KUMAR SINGH,1.0,L1,,,,,,,,,
,,,,,,,,,,,,,,,,,,,,,,,,,,,,,,,,,,,,,,,,,,,,,,,,,,,,,,,,,,,,,,,,,,,,,,,,,,,,,,,,,,,,,,,,,,,,,,,,,,,,,,,,,,,,,,,,,,,,,,,,,,,,,,234.0,201311.0,UMESHWAR ROY,INR,1.0,234.0,201408.0,Sulekha Devi,15-Sep-2023 11:33 AM,Accepted-AOC,Awarded,23-Jul-2024 12:15 PM,,,,,,,,,,,,,234.0,201285.0,PAWAN KUMAR SINGH,1.0,L1,,,,,,,,,
,,,,,,,,,,,,,,,,,,,,,,,,,,,,,,,,,,,,,,,,,,,,,,,,,,,,,,,,,,,,,,,,,,,,,,,,,,,,,,,,,,,,,,,,,,,,,,,,,,,,,,,,,,,,,,,,,,,,,,,,,,,,,,235.0,201333.0,PUTUL SAIKIA,INR,1.0,235.0,197323.0,SUNANDA PEGU,29-Aug-2023 10:21 PM,Accepted-AOC,Awarded,23-Jul-2024 12:15 PM,,,,,,,,,,,,,235.0,201311.0,UMESHWAR ROY,1.0,L1,,,,,,,,,
,,,,,,,,,,,,,,,,,,,,,,,,,,,,,,,,,,,,,,,,,,,,,,,,,,,,,,,,,,,,,,,,,,,,,,,,,,,,,,,,,,,,,,,,,,,,,,,,,,,,,,,,,,,,,,,,,,,,,,,,,,,,,,236.0,201347.0,JINTU GOGOI,INR,1.0,236.0,196471.0,SUPRAKASH DUTTA,23-Aug-2023 02:23 PM,Accepted-AOC,Awarded,23-Jul-2024 12:15 PM,,,,,,,,,,,,,236.0,201333.0,PUTUL SAIKIA,1.0,L1,,,,,,,,,
,,,,,,,,,,,,,,,,,,,,,,,,,,,,,,,,,,,,,,,,,,,,,,,,,,,,,,,,,,,,,,,,,,,,,,,,,,,,,,,,,,,,,,,,,,,,,,,,,,,,,,,,,,,,,,,,,,,,,,,,,,,,,,237.0,201356.0,BIREN BARUAH,INR,1.0,237.0,197885.0,SURAJIT HANDIQUE,04-Sep-2023 12:29 PM,Accepted-AOC,Awarded,23-Jul-2024 12:15 PM,,,,,,,,,,,,,237.0,201347.0,JINTU GOGOI,1.0,L1,,,,,,,,,
,,,,,,,,,,,,,,,,,,,,,,,,,,,,,,,,,,,,,,,,,,,,,,,,,,,,,,,,,,,,,,,,,,,,,,,,,,,,,,,,,,,,,,,,,,,,,,,,,,,,,,,,,,,,,,,,,,,,,,,,,,,,,,238.0,201390.0,Mamun Ikramul Haque Chowdhury,INR,1.0,238.0,197529.0,SURESH SAIKIA,31-Aug-2023 01:22 PM,Accepted-AOC,Awarded,23-Jul-2024 12:15 PM,,,,,,,,,,,,,238.0,201356.0,BIREN BARUAH,1.0,L1,,,,,,,,,
,,,,,,,,,,,,,,,,,,,,,,,,,,,,,,,,,,,,,,,,,,,,,,,,,,,,,,,,,,,,,,,,,,,,,,,,,,,,,,,,,,,,,,,,,,,,,,,,,,,,,,,,,,,,,,,,,,,,,,,,,,,,,,239.0,201408.0,Sulekha Devi,INR,1.0,239.0,197643.0,Suresh Sonowal,01-Sep-2023 01:43 PM,Accepted-AOC,Awarded,23-Jul-2024 12:15 PM,,,,,,,,,,,,,239.0,201390.0,Mamun Ikramul Haque Chowdhury,1.0,L1,,,,,,,,,
,,,,,,,,,,,,,,,,,,,,,,,,,,,,,,,,,,,,,,,,,,,,,,,,,,,,,,,,,,,,,,,,,,,,,,,,,,,,,,,,,,,,,,,,,,,,,,,,,,,,,,,,,,,,,,,,,,,,,,,,,,,,,,240.0,201413.0,RATUL BORUAH,INR,1.0,240.0,201131.0,SURESH SUT,14-Sep-2023 08:18 PM,Accepted-AOC,Awarded,23-Jul-2024 12:15 PM,,,,,,,,,,,,,240.0,201408.0,Sulekha Devi,1.0,L1,,,,,,,,,
,,,,,,,,,,,,,,,,,,,,,,,,,,,,,,,,,,,,,,,,,,,,,,,,,,,,,,,,,,,,,,,,,,,,,,,,,,,,,,,,,,,,,,,,,,,,,,,,,,,,,,,,,,,,,,,,,,,,,,,,,,,,,,241.0,201443.0,JUNTI RAIDINGIA,INR,1.0,241.0,196280.0,SURJIT CHANGMAI,21-Aug-2023 05:45 PM,Accepted-AOC,Awarded,23-Jul-2024 12:15 PM,,,,,,,,,,,,,241.0,201413.0,RATUL BORUAH,1.0,L1,,,,,,,,,
,,,,,,,,,,,,,,,,,,,,,,,,,,,,,,,,,,,,,,,,,,,,,,,,,,,,,,,,,,,,,,,,,,,,,,,,,,,,,,,,,,,,,,,,,,,,,,,,,,,,,,,,,,,,,,,,,,,,,,,,,,,,,,242.0,201458.0,DIMPUL BORGOHAIN,INR,1.0,242.0,198811.0,THANESWAR GOGOI,06-Sep-2023 07:33 PM,Accepted-AOC,Awarded,23-Jul-2024 12:15 PM,,,,,,,,,,,,,242.0,201443.0,JUNTI RAIDINGIA,1.0,L1,,,,,,,,,
,,,,,,,,,,,,,,,,,,,,,,,,,,,,,,,,,,,,,,,,,,,,,,,,,,,,,,,,,,,,,,,,,,,,,,,,,,,,,,,,,,,,,,,,,,,,,,,,,,,,,,,,,,,,,,,,,,,,,,,,,,,,,,243.0,201466.0,Nirmal Kumbang,INR,1.0,243.0,197535.0,THANURAM KONWAR,31-Aug-2023 02:09 PM,Accepted-AOC,Awarded,23-Jul-2024 12:15 PM,,,,,,,,,,,,,243.0,201458.0,DIMPUL BORGOHAIN,1.0,L1,,,,,,,,,
,,,,,,,,,,,,,,,,,,,,,,,,,,,,,,,,,,,,,,,,,,,,,,,,,,,,,,,,,,,,,,,,,,,,,,,,,,,,,,,,,,,,,,,,,,,,,,,,,,,,,,,,,,,,,,,,,,,,,,,,,,,,,,244.0,201469.0,M/S Swaska Construction PVT. LTD.,INR,1.0,244.0,196363.0,TITUL MEDOK,22-Aug-2023 02:15 PM,Accepted-AOC,Awarded,23-Jul-2024 12:15 PM,,,,,,,,,,,,,244.0,201466.0,Nirmal Kumbang,1.0,L1,,,,,,,,,
,,,,,,,,,,,,,,,,,,,,,,,,,,,,,,,,,,,,,,,,,,,,,,,,,,,,,,,,,,,,,,,,,,,,,,,,,,,,,,,,,,,,,,,,,,,,,,,,,,,,,,,,,,,,,,,,,,,,,,,,,,,,,,245.0,201536.0,BIPIN KUMAR SINGH,INR,1.0,245.0,198586.0,T J Biswajit Mahengia,06-Sep-2023 02:29 PM,Accepted-AOC,Awarded,23-Jul-2024 12:15 PM,,,,,,,,,,,,,245.0,201469.0,M/S Swaska Construction PVT. LTD.,1.0,L1,,,,,,,,,
,,,,,,,,,,,,,,,,,,,,,,,,,,,,,,,,,,,,,,,,,,,,,,,,,,,,,,,,,,,,,,,,,,,,,,,,,,,,,,,,,,,,,,,,,,,,,,,,,,,,,,,,,,,,,,,,,,,,,,,,,,,,,,246.0,201539.0,Rabindra Hazarika,INR,1.0,246.0,199181.0,Tridip Baruah,07-Sep-2023 11:23 AM,Accepted-AOC,Awarded,23-Jul-2024 12:15 PM,,,,,,,,,,,,,246.0,201536.0,BIPIN KUMAR SINGH,1.0,L1,,,,,,,,,
,,,,,,,,,,,,,,,,,,,,,,,,,,,,,,,,,,,,,,,,,,,,,,,,,,,,,,,,,,,,,,,,,,,,,,,,,,,,,,,,,,,,,,,,,,,,,,,,,,,,,,,,,,,,,,,,,,,,,,,,,,,,,,247.0,201551.0,Nabajyoti Sonowal,INR,1.0,247.0,198476.0,TRILUCHAN CHETIA,06-Sep-2023 12:55 PM,Accepted-AOC,Awarded,23-Jul-2024 12:15 PM,,,,,,,,,,,,,247.0,201539.0,Rabindra Hazarika,1.0,L1,,,,,,,,,
,,,,,,,,,,,,,,,,,,,,,,,,,,,,,,,,,,,,,,,,,,,,,,,,,,,,,,,,,,,,,,,,,,,,,,,,,,,,,,,,,,,,,,,,,,,,,,,,,,,,,,,,,,,,,,,,,,,,,,,,,,,,,,248.0,201570.0,MS S AND P COMMUNICATION,INR,1.0,248.0,197375.0,TUILYA CHETIA,30-Aug-2023 12:29 PM,Accepted-AOC,Awarded,23-Jul-2024 12:15 PM,,,,,,,,,,,,,248.0,201551.0,Nabajyoti Sonowal,1.0,L1,,,,,,,,,
,,,,,,,,,,,,,,,,,,,,,,,,,,,,,,,,,,,,,,,,,,,,,,,,,,,,,,,,,,,,,,,,,,,,,,,,,,,,,,,,,,,,,,,,,,,,,,,,,,,,,,,,,,,,,,,,,,,,,,,,,,,,,,249.0,201571.0,Palash Gogoi,INR,1.0,249.0,201026.0,UMA KANTA CHUTIA,14-Sep-2023 04:18 PM,Accepted-AOC,Awarded,23-Jul-2024 12:15 PM,,,,,,,,,,,,,249.0,201570.0,MS S AND P COMMUNICATION,1.0,L1,,,,,,,,,
,,,,,,,,,,,,,,,,,,,,,,,,,,,,,,,,,,,,,,,,,,,,,,,,,,,,,,,,,,,,,,,,,,,,,,,,,,,,,,,,,,,,,,,,,,,,,,,,,,,,,,,,,,,,,,,,,,,,,,,,,,,,,,250.0,201582.0,ALOK KUMAR SINGH,INR,1.0,250.0,200519.0,UMANANDA BORUAH,12-Sep-2023 04:34 PM,Accepted-AOC,Awarded,23-Jul-2024 12:15 PM,,,,,,,,,,,,,250.0,201571.0,Palash Gogoi,1.0,L1,,,,,,,,,
,,,,,,,,,,,,,,,,,,,,,,,,,,,,,,,,,,,,,,,,,,,,,,,,,,,,,,,,,,,,,,,,,,,,,,,,,,,,,,,,,,,,,,,,,,,,,,,,,,,,,,,,,,,,,,,,,,,,,,,,,,,,,,251.0,201583.0,RUMEE GOGOI,INR,1.0,251.0,201311.0,UMESHWAR ROY,15-Sep-2023 09:35 AM,Accepted-AOC,Awarded,23-Jul-2024 12:15 PM,,,,,,,,,,,,,251.0,201582.0,ALOK KUMAR SINGH,1.0,L1,,,,,,,,,
,,,,,,,,,,,,,,,,,,,,,,,,,,,,,,,,,,,,,,,,,,,,,,,,,,,,,,,,,,,,,,,,,,,,,,,,,,,,,,,,,,,,,,,,,,,,,,,,,,,,,,,,,,,,,,,,,,,,,,,,,,,,,,252.0,201615.0,MR. LAKHI PRASAD GOGOI,INR,1.0,252.0,197416.0,UTPAL BORPATRA GOHAIN,30-Aug-2023 04:26 PM,Accepted-AOC,Awarded,23-Jul-2024 12:15 PM,,,,,,,,,,,,,252.0,201583.0,RUMEE GOGOI,1.0,L1,,,,,,,,,
,,,,,,,,,,,,,,,,,,,,,,,,,,,,,,,,,,,,,,,,,,,,,,,,,,,,,,,,,,,,,,,,,,,,,,,,,,,,,,,,,,,,,,,,,,,,,,,,,,,,,,,,,,,,,,,,,,,,,,,,,,,,,,253.0,201656.0,PRABIN GOGOI,INR,1.0,253.0,197421.0,UTPAL SAIKIA,30-Aug-2023 04:35 PM,Accepted-AOC,Awarded,23-Jul-2024 12:15 PM,,,,,,,,,,,,,253.0,201615.0,MR. LAKHI PRASAD GOGOI,1.0,L1,,,,,,,,,
,,,,,,,,,,,,,,,,,,,,,,,,,,,,,,,,,,,,,,,,,,,,,,,,,,,,,,,,,,,,,,,,,,,,,,,,,,,,,,,,,,,,,,,,,,,,,,,,,,,,,,,,,,,,,,,,,,,,,,,,,,,,,,,,,,,254.0,199248.0,YOGYA PROJECTS,07-Sep-2023 12:24 PM,Accepted-AOC,Awarded,23-Jul-2024 12:15 PM,,,,,,,,,,,,,254.0,201656.0,PRABIN GOGOI,1.0,L1,,,,,,,,,
,,,,,,,,,,,,,,,,,,,,,,,,,,,,,,,,,,,,,,,,,,,,,,,,,,,,,,,,,,,,,,,,,,,,,,,,,,,,,,,,,,,,,,,,,,,,,,,,,,,,,,,,,,,,,,,,,,,,,,,,,,,,,,,,,,,,,,,,,,,,,,,,,,,,,,,,,,,,,,,,,2023_PHED_32115_1,PHE_24_JJM_PB_23_24_T_13165_71,PKG 01 FIXATION OF RATES FOR ADDITIONAL ITEM FHTC WITH WATER STORAGE TANK MEANT FOR NEW PWSS UNDER REMOTE AREAS UNDER JJM ASSAM
